19459526.0
24
[258.0, 115.0, 364.0, 0.0, 197.0, 0.0, 0.0, 266.0, 99.0, 0.0, 0.0, 278.0, 138.0, 237.0, 144.0, 237.0, 160.0, 215.0, 124.0, 0.0, 105.0, 0.0, 95.0, 0.0, 0.0, 108.0, 115.0, 212.0, 263.0, 160.0, 384.0, 0.0, 247.0, 100.0]
16771508.0
28
[258.0, 115.0, 364.0, 0.0, 197.0, 0.0, 0.0, 390.0, 223.0, 0.0, 0.0, 278.0, 138.0, 237.0, 268.0, 0.0, 397.0, 215.0, 0.0, 0.0, 105.0, 0.0, 203.0, 0.0, 0.0, 0.0, 460.0, 212.0, 263.0, 160.0, 384.0, 0.0, 247.0, 100.0]
16790633.0
27
[396.0, 115.0, 364.0, 0.0, 197.0, 0.0, 0.0, 266.0, 99.0, 0.0, 0.0, 278.0, 0.0, 381.0, 0.0, 237.0, 160.0, 339.0, 0.0, 0.0, 373.0, 0.0, 95.0, 0.0, 0.0, 108.0, 115.0, 212.0, 263.0, 160.0, 384.0, 0.0, 385.0, 100.0]
16867133.0
28
[258.0, 115.0, 364.0, 0.0, 357.0, 0.0, 0.0, 266.0, 259.0, 0.0, 0.0, 278.0, 138.0, 342.0, 249.0, 397.0, 0.0, 215.0, 124.0, 0.0, 0.0, 0.0, 95.0, 0.0, 0.0, 108.0, 275.0, 212.0, 423.0, 0.0, 384.0, 0.0, 247.0, 100.0]
17470314.0
26
[373.0, 0.0, 364.0, 0.0, 197.0, 0.0, 0.0, 266.0, 99.0, 0.0, 0.0, 278.0, 138.0, 237.0, 144.0, 237.0, 160.0, 215.0, 124.0, 0.0, 105.0, 0.0, 203.0, 0.0, 0.0, 0.0, 223.0, 212.0, 378.0, 160.0, 384.0, 0.0, 247.0, 100.0]
16311152.0
29
[258.0, 115.0, 364.0, 0.0, 197.0, 0.0, 0.0, 266.0, 99.0, 0.0, 0.0, 422.0, 138.0, 0.0, 0.0, 237.0, 397.0, 215.0, 268.0, 0.0, 342.0, 0.0, 0.0, 0.0, 0.0, 440.0, 210.0, 0.0, 263.0, 160.0, 384.0, 0.0, 459.0, 312.0]
15882727.0
30
[373.0, 0.0, 364.0, 0.0, 197.0, 0.0, 0.0, 266.0, 99.0, 0.0, 0.0, 438.0, 138.0, 0.0, 144.0, 474.0, 0.0, 215.0, 284.0, 0.0, 342.0, 0.0, 332.0, 0.0, 0.0, 268.0, 115.0, 459.0, 378.0, 160.0, 384.0, 0.0, 0.0, 347.0]
18458545.0
25
[258.0, 115.0, 364.0, 0.0, 197.0, 0.0, 0.0, 266.0, 99.0, 0.0, 0.0, 278.0, 138.0, 237.0, 144.0, 237.0, 160.0, 215.0, 124.0, 0.0, 105.0, 0.0, 203.0, 0.0, 0.0, 0.0, 223.0, 212.0, 263.0, 160.0, 384.0, 0.0, 247.0, 100.0]
17120277.0
28
[396.0, 115.0, 364.0, 0.0, 197.0, 0.0, 0.0, 266.0, 99.0, 0.0, 0.0, 0.0, 0.0, 237.0, 381.0, 0.0, 438.0, 215.0, 402.0, 0.0, 105.0, 0.0, 332.0, 0.0, 0.0, 386.0, 115.0, 212.0, 263.0, 160.0, 384.0, 0.0, 385.0, 100.0]
17588889.0
27
[258.0, 115.0, 364.0, 0.0, 197.0, 0.0, 0.0, 266.0, 99.0, 0.0, 0.0, 438.0, 138.0, 381.0, 0.0, 237.0, 0.0, 215.0, 284.0, 0.0, 249.0, 0.0, 95.0, 0.0, 0.0, 268.0, 115.0, 212.0, 263.0, 160.0, 384.0, 0.0, 247.0, 100.0]
17715114.0
26
[258.0, 115.0, 364.0, 0.0, 197.0, 0.0, 0.0, 266.0, 99.0, 0.0, 0.0, 402.0, 138.0, 237.0, 268.0, 237.0, 160.0, 215.0, 0.0, 0.0, 105.0, 0.0, 95.0, 0.0, 0.0, 108.0, 115.0, 459.0, 263.0, 160.0, 384.0, 0.0, 0.0, 347.0]
