19459526.0
24
[258.0, 115.0, 364.0, 0.0, 197.0, 0.0, 0.0, 266.0, 99.0, 0.0, 0.0, 278.0, 138.0, 237.0, 144.0, 237.0, 160.0, 215.0, 124.0, 0.0, 105.0, 0.0, 95.0, 0.0, 0.0, 108.0, 115.0, 212.0, 263.0, 160.0, 384.0, 0.0, 247.0, 100.0]
18458545.0
25
[258.0, 115.0, 364.0, 0.0, 197.0, 0.0, 0.0, 266.0, 99.0, 0.0, 0.0, 278.0, 138.0, 237.0, 144.0, 237.0, 160.0, 215.0, 124.0, 0.0, 105.0, 0.0, 203.0, 0.0, 0.0, 0.0, 223.0, 212.0, 263.0, 160.0, 384.0, 0.0, 247.0, 100.0]
15291286.0
30
[258.0, 115.0, 364.0, 0.0, 357.0, 0.0, 0.0, 266.0, 259.0, 0.0, 0.0, 278.0, 138.0, 237.0, 0.0, 352.0, 419.0, 320.0, 229.0, 0.0, 0.0, 0.0, 95.0, 0.0, 0.0, 252.0, 0.0, 0.0, 423.0, 0.0, 384.0, 0.0, 459.0, 312.0]
18471295.0
25
[373.0, 0.0, 364.0, 0.0, 197.0, 0.0, 0.0, 266.0, 99.0, 0.0, 0.0, 278.0, 138.0, 237.0, 144.0, 237.0, 160.0, 215.0, 124.0, 0.0, 105.0, 0.0, 95.0, 0.0, 0.0, 108.0, 115.0, 212.0, 378.0, 160.0, 384.0, 0.0, 247.0, 100.0]
16333837.0
28
[258.0, 115.0, 364.0, 0.0, 197.0, 0.0, 0.0, 365.0, 0.0, 0.0, 0.0, 377.0, 138.0, 0.0, 381.0, 0.0, 397.0, 215.0, 124.0, 0.0, 342.0, 0.0, 0.0, 0.0, 0.0, 203.0, 447.0, 212.0, 263.0, 160.0, 384.0, 0.0, 247.0, 100.0]
17642439.0
26
[258.0, 115.0, 364.0, 0.0, 197.0, 0.0, 0.0, 266.0, 99.0, 0.0, 0.0, 278.0, 138.0, 381.0, 0.0, 237.0, 160.0, 215.0, 124.0, 0.0, 249.0, 0.0, 95.0, 0.0, 0.0, 108.0, 115.0, 459.0, 263.0, 160.0, 384.0, 0.0, 0.0, 347.0]
18517195.0
25
[258.0, 115.0, 364.0, 0.0, 197.0, 0.0, 0.0, 266.0, 99.0, 0.0, 0.0, 278.0, 138.0, 381.0, 0.0, 237.0, 160.0, 215.0, 124.0, 0.0, 249.0, 0.0, 95.0, 0.0, 0.0, 108.0, 115.0, 212.0, 263.0, 160.0, 384.0, 0.0, 247.0, 100.0]
16716683.0
29
[258.0, 115.0, 463.0, 0.0, 296.0, 0.0, 0.0, 266.0, 0.0, 0.0, 0.0, 402.0, 138.0, 237.0, 268.0, 0.0, 397.0, 215.0, 0.0, 0.0, 213.0, 108.0, 95.0, 0.0, 0.0, 0.0, 460.0, 212.0, 263.0, 160.0, 384.0, 0.0, 247.0, 100.0]
16590116.0
30
[418.0, 275.0, 524.0, 0.0, 197.0, 0.0, 0.0, 365.0, 0.0, 0.0, 0.0, 377.0, 138.0, 0.0, 144.0, 474.0, 160.0, 215.0, 124.0, 0.0, 342.0, 0.0, 440.0, 0.0, 0.0, 0.0, 223.0, 212.0, 263.0, 0.0, 384.0, 0.0, 247.0, 100.0]
16798283.0
28
[258.0, 115.0, 364.0, 0.0, 197.0, 0.0, 0.0, 266.0, 99.0, 0.0, 0.0, 278.0, 138.0, 0.0, 252.0, 474.0, 268.0, 215.0, 124.0, 0.0, 342.0, 0.0, 332.0, 0.0, 0.0, 0.0, 115.0, 459.0, 263.0, 160.0, 384.0, 0.0, 0.0, 347.0]
17767149.0
26
[373.0, 0.0, 364.0, 0.0, 197.0, 0.0, 0.0, 266.0, 99.0, 0.0, 0.0, 278.0, 138.0, 237.0, 144.0, 237.0, 160.0, 215.0, 124.0, 0.0, 105.0, 0.0, 0.0, 0.0, 0.0, 203.0, 210.0, 212.0, 378.0, 160.0, 384.0, 0.0, 247.0, 100.0]
16872233.0
27
[258.0, 115.0, 463.0, 0.0, 296.0, 0.0, 0.0, 266.0, 0.0, 0.0, 0.0, 278.0, 138.0, 237.0, 252.0, 237.0, 268.0, 320.0, 229.0, 0.0, 0.0, 0.0, 95.0, 0.0, 0.0, 0.0, 115.0, 212.0, 263.0, 160.0, 384.0, 0.0, 247.0, 100.0]
