17673039.0
25
[258.0, 115.0, 364.0, -237.0, -40.0, 0.0, 0.0, 266.0, 99.0, 0.0, 0.0, 278.0, 138.0, 0.0, 252.0, 237.0, 268.0, -22.0, 124.0, 0.0, 105.0, 0.0, 95.0, 0.0, 0.0, 0.0, 115.0, 212.0, 263.0, 160.0, 384.0, 0.0, 247.0, 100.0]
18674020.0
24
[258.0, 115.0, 364.0, -237.0, -40.0, 0.0, 0.0, 266.0, 99.0, 0.0, 0.0, 278.0, 138.0, 0.0, 144.0, 237.0, 160.0, -22.0, 124.0, 0.0, 105.0, 0.0, 95.0, 0.0, 0.0, 108.0, 115.0, 212.0, 263.0, 160.0, 384.0, 0.0, 247.0, 100.0]
15809710.0
29
[258.0, 115.0, 627.0, -237.0, -40.0, 0.0, 0.0, 266.0, 99.0, 0.0, 0.0, 386.0, 138.0, 0.0, 144.0, 237.0, 268.0, 83.0, 337.0, 0.0, 0.0, 0.0, 95.0, 0.0, 0.0, 0.0, 115.0, 459.0, 0.0, 423.0, 384.0, 0.0, 0.0, 347.0]
16803383.0
26
[258.0, 115.0, 364.0, -237.0, -40.0, 0.0, 0.0, 266.0, 99.0, 0.0, 0.0, 402.0, 138.0, 0.0, 376.0, 237.0, 268.0, -22.0, 0.0, 0.0, 105.0, 0.0, 95.0, 0.0, 0.0, 0.0, 115.0, 212.0, 263.0, 160.0, 384.0, 0.0, 247.0, 100.0]
16014317.0
28
[258.0, 115.0, 364.0, -237.0, -40.0, 0.0, 0.0, 266.0, 99.0, 0.0, 0.0, 386.0, 138.0, 0.0, 0.0, 381.0, 268.0, -22.0, 232.0, 0.0, 105.0, 0.0, 239.0, 0.0, 0.0, 0.0, 115.0, 0.0, 263.0, 160.0, 384.0, 0.0, 459.0, 312.0]
17685789.0
25
[373.0, 0.0, 364.0, -237.0, -40.0, 0.0, 0.0, 266.0, 99.0, 0.0, 0.0, 278.0, 138.0, 0.0, 144.0, 237.0, 160.0, -22.0, 124.0, 0.0, 105.0, 0.0, 95.0, 0.0, 0.0, 108.0, 115.0, 212.0, 378.0, 160.0, 384.0, 0.0, 247.0, 100.0]
16785533.0
28
[258.0, 115.0, 364.0, -237.0, -40.0, 0.0, 0.0, 266.0, 99.0, 0.0, 0.0, 278.0, 138.0, 0.0, 381.0, 0.0, 160.0, -22.0, 124.0, 0.0, 213.0, 108.0, 332.0, 0.0, 0.0, 0.0, 223.0, 312.0, 263.0, 160.0, 384.0, 0.0, 347.0, 0.0]
16981643.0
26
[373.0, 0.0, 364.0, -237.0, -40.0, 0.0, 0.0, 266.0, 99.0, 0.0, 0.0, 278.0, 138.0, 0.0, 239.0, 332.0, 160.0, -22.0, 124.0, 0.0, 105.0, 0.0, 0.0, 0.0, 0.0, 108.0, 115.0, 212.0, 378.0, 160.0, 384.0, 0.0, 247.0, 100.0]
