18674020.0
24
[258.0, 115.0, 364.0, -237.0, -40.0, 0.0, 0.0, 266.0, 99.0, 0.0, 0.0, 278.0, 138.0, 0.0, 144.0, 237.0, 160.0, -22.0, 124.0, 0.0, 105.0, 0.0, 95.0, 0.0, 0.0, 108.0, 115.0, 212.0, 263.0, 160.0, 384.0, 0.0, 247.0, 100.0]
16855658.0
26
[258.0, 115.0, 364.0, -237.0, -40.0, 0.0, 0.0, 266.0, 99.0, 0.0, 0.0, 278.0, 138.0, 0.0, 144.0, 0.0, 397.0, -22.0, 124.0, 0.0, 105.0, 0.0, 203.0, 0.0, 0.0, 0.0, 460.0, 212.0, 263.0, 160.0, 384.0, 0.0, 247.0, 100.0]
16918133.0
26
[373.0, 0.0, 364.0, -237.0, -40.0, 0.0, 0.0, 266.0, 99.0, 0.0, 0.0, 278.0, 138.0, 0.0, 144.0, 237.0, 160.0, 83.0, 229.0, 0.0, 0.0, 0.0, 95.0, 0.0, 0.0, 108.0, 115.0, 212.0, 378.0, 160.0, 384.0, 0.0, 247.0, 100.0]
15866152.0
28
[258.0, 0.0, 364.0, -237.0, -40.0, 0.0, 0.0, 365.0, 0.0, 0.0, 0.0, 377.0, 253.0, 0.0, 252.0, 237.0, 268.0, -22.0, 124.0, 0.0, 105.0, 0.0, 95.0, 0.0, 0.0, 0.0, 115.0, 212.0, 378.0, 160.0, 384.0, 0.0, 362.0, 100.0]
17673039.0
25
[258.0, 115.0, 364.0, -237.0, -40.0, 0.0, 0.0, 266.0, 99.0, 0.0, 0.0, 278.0, 138.0, 0.0, 144.0, 237.0, 160.0, -22.0, 124.0, 0.0, 105.0, 0.0, 203.0, 0.0, 0.0, 0.0, 223.0, 212.0, 263.0, 160.0, 384.0, 0.0, 247.0, 100.0]
16145377.0
29
[258.0, 115.0, 463.0, -237.0, 59.0, 0.0, 0.0, 266.0, 0.0, 0.0, 0.0, 422.0, 138.0, 0.0, 0.0, 237.0, 160.0, 83.0, 373.0, 0.0, 0.0, 0.0, 95.0, 0.0, 0.0, 108.0, 115.0, 212.0, 263.0, 160.0, 384.0, 0.0, 247.0, 100.0]
17731689.0
25
[258.0, 115.0, 364.0, -237.0, -40.0, 0.0, 0.0, 266.0, 99.0, 0.0, 0.0, 422.0, 138.0, 0.0, 0.0, 237.0, 160.0, -22.0, 268.0, 0.0, 105.0, 0.0, 95.0, 0.0, 0.0, 108.0, 115.0, 212.0, 263.0, 160.0, 384.0, 0.0, 247.0, 100.0]
16294312.0
27
[396.0, 115.0, 364.0, -237.0, -40.0, 0.0, 0.0, 365.0, 0.0, 0.0, 0.0, 377.0, 0.0, 0.0, 144.0, 237.0, 160.0, -22.0, 124.0, 0.0, 105.0, 0.0, 0.0, 0.0, 0.0, 203.0, 210.0, 212.0, 263.0, 160.0, 384.0, 0.0, 385.0, 100.0]
16299652.0
28
[258.0, 115.0, 364.0, -237.0, -40.0, 0.0, 0.0, 426.0, 99.0, 0.0, 320.0, 278.0, 138.0, 0.0, 144.0, 237.0, 0.0, 83.0, 229.0, 0.0, 0.0, 0.0, 210.0, 0.0, 0.0, 223.0, 0.0, 212.0, 263.0, 0.0, 384.0, 0.0, 247.0, 260.0]
16998458.0
26
[396.0, 115.0, 364.0, -237.0, -40.0, 0.0, 0.0, 365.0, 0.0, 0.0, 0.0, 377.0, 0.0, 0.0, 144.0, 237.0, 160.0, -22.0, 124.0, 0.0, 105.0, 0.0, 95.0, 0.0, 0.0, 108.0, 115.0, 212.0, 263.0, 160.0, 384.0, 0.0, 385.0, 100.0]
