15887827.0
30
[258.0, 253.0, 364.0, 197.0, 0.0, 0.0, 0.0, 266.0, 99.0, 0.0, 0.0, 475.0, 0.0, 0.0, 381.0, 0.0, 397.0, 215.0, 124.0, 0.0, 342.0, 0.0, 203.0, 0.0, 0.0, 0.0, 460.0, 212.0, 401.0, 160.0, 384.0, 0.0, 385.0, 100.0]
19459526.0
24
[258.0, 115.0, 364.0, 0.0, 197.0, 0.0, 0.0, 266.0, 99.0, 0.0, 0.0, 278.0, 138.0, 237.0, 144.0, 237.0, 160.0, 215.0, 124.0, 0.0, 105.0, 0.0, 95.0, 0.0, 0.0, 108.0, 115.0, 212.0, 263.0, 160.0, 384.0, 0.0, 247.0, 100.0]
17588889.0
26
[258.0, 115.0, 364.0, 0.0, 197.0, 0.0, 0.0, 266.0, 99.0, 0.0, 0.0, 402.0, 138.0, 237.0, 376.0, 237.0, 268.0, 215.0, 0.0, 0.0, 105.0, 0.0, 95.0, 0.0, 0.0, 0.0, 115.0, 212.0, 263.0, 160.0, 384.0, 0.0, 247.0, 100.0]
18458545.0
25
[258.0, 115.0, 364.0, 0.0, 197.0, 0.0, 0.0, 266.0, 99.0, 0.0, 0.0, 278.0, 138.0, 237.0, 144.0, 237.0, 160.0, 215.0, 124.0, 0.0, 105.0, 0.0, 203.0, 0.0, 0.0, 0.0, 223.0, 212.0, 263.0, 160.0, 384.0, 0.0, 247.0, 100.0]
16166812.0
28
[258.0, 115.0, 364.0, 0.0, 197.0, 0.0, 0.0, 266.0, 99.0, 0.0, 0.0, 278.0, 138.0, 0.0, 381.0, 397.0, 0.0, 215.0, 124.0, 0.0, 342.0, 0.0, 0.0, 0.0, 0.0, 203.0, 370.0, 459.0, 263.0, 160.0, 384.0, 0.0, 0.0, 347.0]
18517195.0
25
[258.0, 115.0, 364.0, 0.0, 197.0, 0.0, 0.0, 266.0, 99.0, 0.0, 0.0, 278.0, 138.0, 237.0, 0.0, 237.0, 304.0, 215.0, 124.0, 0.0, 105.0, 0.0, 95.0, 0.0, 0.0, 252.0, 115.0, 212.0, 263.0, 160.0, 384.0, 0.0, 247.0, 100.0]
17661564.0
26
[258.0, 115.0, 364.0, 0.0, 197.0, 0.0, 0.0, 266.0, 99.0, 0.0, 0.0, 278.0, 138.0, 237.0, 144.0, 397.0, 0.0, 339.0, 0.0, 0.0, 229.0, 0.0, 95.0, 0.0, 0.0, 108.0, 275.0, 212.0, 263.0, 160.0, 384.0, 0.0, 247.0, 100.0]
16771508.0
27
[258.0, 115.0, 364.0, 0.0, 197.0, 0.0, 0.0, 266.0, 99.0, 0.0, 0.0, 402.0, 138.0, 237.0, 268.0, 0.0, 397.0, 215.0, 0.0, 0.0, 105.0, 0.0, 203.0, 0.0, 0.0, 0.0, 460.0, 212.0, 263.0, 160.0, 384.0, 0.0, 247.0, 100.0]
15897685.0
32
[258.0, 362.0, 726.0, 0.0, 296.0, 0.0, 0.0, 266.0, 0.0, 0.0, 0.0, 402.0, 385.0, 0.0, 268.0, 237.0, 397.0, 215.0, 0.0, 0.0, 342.0, 0.0, 210.0, 0.0, 0.0, 460.0, 0.0, 212.0, 247.0, 423.0, 384.0, 0.0, 0.0, 100.0]
16714133.0
28
[258.0, 115.0, 364.0, 0.0, 197.0, 0.0, 0.0, 266.0, 99.0, 0.0, 0.0, 278.0, 138.0, 345.0, 144.0, 237.0, 268.0, 339.0, 0.0, 0.0, 337.0, 0.0, 95.0, 0.0, 0.0, 0.0, 115.0, 459.0, 263.0, 160.0, 384.0, 0.0, 0.0, 347.0]
16638908.0
29
[258.0, 115.0, 364.0, 0.0, 357.0, 0.0, 0.0, 266.0, 259.0, 0.0, 0.0, 402.0, 138.0, 474.0, 268.0, 0.0, 160.0, 215.0, 0.0, 0.0, 105.0, 237.0, 203.0, 0.0, 0.0, 0.0, 223.0, 212.0, 423.0, 0.0, 384.0, 0.0, 247.0, 100.0]
