19459526.0
24
[258.0, 115.0, 364.0, 0.0, 197.0, 0.0, 0.0, 266.0, 99.0, 0.0, 0.0, 278.0, 138.0, 237.0, 144.0, 237.0, 160.0, 215.0, 124.0, 0.0, 105.0, 0.0, 95.0, 0.0, 0.0, 108.0, 115.0, 212.0, 263.0, 160.0, 384.0, 0.0, 247.0, 100.0]
18458545.0
25
[258.0, 115.0, 364.0, 0.0, 197.0, 0.0, 0.0, 266.0, 99.0, 0.0, 0.0, 278.0, 138.0, 237.0, 252.0, 237.0, 268.0, 215.0, 124.0, 0.0, 105.0, 0.0, 95.0, 0.0, 0.0, 0.0, 115.0, 212.0, 263.0, 160.0, 384.0, 0.0, 247.0, 100.0]
16137487.0
28
[396.0, 115.0, 463.0, 0.0, 296.0, 0.0, 0.0, 266.0, 0.0, 0.0, 0.0, 278.0, 0.0, 381.0, 0.0, 237.0, 160.0, 215.0, 124.0, 0.0, 249.0, 0.0, 0.0, 0.0, 0.0, 203.0, 210.0, 212.0, 263.0, 160.0, 384.0, 0.0, 385.0, 100.0]
16143862.0
30
[258.0, 0.0, 364.0, 0.0, 197.0, 0.0, 0.0, 266.0, 99.0, 0.0, 0.0, 278.0, 253.0, 0.0, 144.0, 474.0, 160.0, 320.0, 229.0, 0.0, 0.0, 237.0, 0.0, 0.0, 0.0, 203.0, 210.0, 312.0, 378.0, 160.0, 384.0, 0.0, 462.0, 0.0]
16579916.0
30
[258.0, 115.0, 627.0, 124.0, 321.0, 0.0, 0.0, 266.0, 99.0, 0.0, 0.0, 278.0, 138.0, 342.0, 373.0, 397.0, 0.0, 215.0, 0.0, 0.0, 0.0, 0.0, 95.0, 0.0, 0.0, 108.0, 275.0, 459.0, 0.0, 423.0, 384.0, 0.0, 0.0, 347.0]
18531220.0
25
[258.0, 115.0, 364.0, 0.0, 197.0, 0.0, 0.0, 266.0, 99.0, 0.0, 0.0, 278.0, 138.0, 237.0, 304.0, 237.0, 0.0, 215.0, 124.0, 0.0, 105.0, 0.0, 95.0, 0.0, 0.0, 268.0, 115.0, 212.0, 263.0, 160.0, 384.0, 0.0, 247.0, 100.0]
16697558.0
27
[258.0, 115.0, 364.0, 0.0, 197.0, 0.0, 0.0, 365.0, 0.0, 0.0, 0.0, 377.0, 138.0, 381.0, 0.0, 237.0, 160.0, 215.0, 124.0, 0.0, 249.0, 0.0, 203.0, 0.0, 0.0, 0.0, 223.0, 212.0, 263.0, 160.0, 384.0, 0.0, 247.0, 100.0]
17530239.0
26
[258.0, 115.0, 364.0, 0.0, 197.0, 0.0, 0.0, 266.0, 99.0, 0.0, 0.0, 278.0, 138.0, 237.0, 144.0, 397.0, 0.0, 215.0, 124.0, 0.0, 105.0, 0.0, 203.0, 0.0, 0.0, 0.0, 383.0, 212.0, 263.0, 160.0, 384.0, 0.0, 247.0, 100.0]
