18674020.0
24
[258.0, 115.0, 364.0, -237.0, -40.0, 0.0, 0.0, 266.0, 99.0, 0.0, 0.0, 278.0, 138.0, 0.0, 144.0, 237.0, 160.0, -22.0, 124.0, 0.0, 105.0, 0.0, 95.0, 0.0, 0.0, 108.0, 115.0, 212.0, 263.0, 160.0, 384.0, 0.0, 247.0, 100.0]
16163227.0
27
[258.0, 115.0, 364.0, -237.0, -40.0, 0.0, 0.0, 365.0, 0.0, 0.0, 0.0, 377.0, 138.0, 0.0, 381.0, 0.0, 160.0, -22.0, 124.0, 0.0, 105.0, 0.0, 332.0, 0.0, 0.0, 108.0, 115.0, 459.0, 263.0, 160.0, 384.0, 0.0, 0.0, 347.0]
16186177.0
27
[258.0, 115.0, 364.0, -237.0, -40.0, 0.0, 0.0, 266.0, 99.0, 0.0, 0.0, 278.0, 138.0, 0.0, 144.0, 237.0, 160.0, 83.0, 229.0, 0.0, 0.0, 0.0, 210.0, 0.0, 0.0, 223.0, 0.0, 459.0, 263.0, 160.0, 384.0, 0.0, 0.0, 347.0]
16856933.0
26
[258.0, 115.0, 364.0, -237.0, -40.0, 0.0, 0.0, 266.0, 99.0, 0.0, 0.0, 278.0, 138.0, 0.0, 0.0, 237.0, 304.0, -22.0, 124.0, 0.0, 105.0, 0.0, 95.0, 0.0, 0.0, 252.0, 115.0, 459.0, 263.0, 160.0, 384.0, 0.0, 0.0, 347.0]
16656758.0
28
[258.0, 115.0, 364.0, 0.0, 197.0, 0.0, 0.0, 390.0, 223.0, 0.0, 0.0, 278.0, 138.0, 0.0, 268.0, 397.0, 0.0, 215.0, 0.0, 0.0, 105.0, 0.0, 203.0, 0.0, 0.0, 0.0, 383.0, 212.0, 263.0, 160.0, 384.0, 0.0, 247.0, 100.0]
17510772.0
26
[258.0, 115.0, 627.0, -237.0, -40.0, 0.0, 0.0, 266.0, 99.0, 0.0, 0.0, 422.0, 138.0, 0.0, 0.0, 237.0, 160.0, -22.0, 268.0, 0.0, 105.0, 0.0, 95.0, 0.0, 0.0, 108.0, 115.0, 212.0, 0.0, 423.0, 384.0, 0.0, 247.0, 100.0]
17673039.0
25
[258.0, 115.0, 364.0, -237.0, -40.0, 0.0, 0.0, 266.0, 99.0, 0.0, 0.0, 278.0, 138.0, 0.0, 144.0, 237.0, 160.0, -22.0, 124.0, 0.0, 105.0, 0.0, 203.0, 0.0, 0.0, 0.0, 223.0, 212.0, 263.0, 160.0, 384.0, 0.0, 247.0, 100.0]
16823441.0
27
[258.0, 115.0, 524.0, -237.0, -40.0, 0.0, 0.0, 365.0, 0.0, 0.0, 0.0, 377.0, 138.0, 0.0, 144.0, 237.0, 160.0, 83.0, 229.0, 0.0, 0.0, 0.0, 95.0, 0.0, 0.0, 108.0, 115.0, 212.0, 423.0, 0.0, 384.0, 0.0, 247.0, 100.0]
