18674020.0
24
[258.0, 115.0, 364.0, -237.0, -40.0, 0.0, 0.0, 266.0, 99.0, 0.0, 0.0, 278.0, 138.0, 0.0, 144.0, 237.0, 160.0, -22.0, 124.0, 0.0, 105.0, 0.0, 95.0, 0.0, 0.0, 108.0, 115.0, 212.0, 263.0, 160.0, 384.0, 0.0, 247.0, 100.0]
16067602.0
27
[258.0, 115.0, 364.0, -237.0, -40.0, 0.0, 0.0, 365.0, 0.0, 0.0, 0.0, 377.0, 138.0, 0.0, 0.0, 237.0, 304.0, -22.0, 124.0, 0.0, 105.0, 0.0, 210.0, 0.0, 0.0, 367.0, 0.0, 212.0, 263.0, 160.0, 384.0, 0.0, 247.0, 100.0]
17673039.0
25
[258.0, 115.0, 364.0, -237.0, -40.0, 0.0, 0.0, 266.0, 99.0, 0.0, 0.0, 278.0, 138.0, 0.0, 144.0, 237.0, 160.0, -22.0, 124.0, 0.0, 105.0, 0.0, 203.0, 0.0, 0.0, 0.0, 223.0, 212.0, 263.0, 160.0, 384.0, 0.0, 247.0, 100.0]
16089277.0
27
[258.0, 115.0, 364.0, -237.0, -40.0, 0.0, 0.0, 266.0, 99.0, 0.0, 0.0, 278.0, 138.0, 0.0, 0.0, 381.0, 160.0, 83.0, 229.0, 0.0, 0.0, 0.0, 239.0, 0.0, 0.0, 108.0, 115.0, 459.0, 263.0, 160.0, 384.0, 0.0, 0.0, 347.0]
16730708.0
26
[258.0, 115.0, 364.0, -237.0, -40.0, 0.0, 0.0, 266.0, 99.0, 0.0, 0.0, 278.0, 138.0, 0.0, 0.0, 381.0, 160.0, -22.0, 124.0, 0.0, 105.0, 0.0, 347.0, 0.0, 0.0, 0.0, 223.0, 212.0, 263.0, 160.0, 384.0, 0.0, 247.0, 100.0]
17799264.0
25
[258.0, 115.0, 364.0, -237.0, -40.0, 0.0, 0.0, 266.0, 99.0, 0.0, 0.0, 278.0, 138.0, 0.0, 144.0, 237.0, 160.0, -22.0, 124.0, 0.0, 105.0, 0.0, 95.0, 0.0, 0.0, 108.0, 115.0, 459.0, 263.0, 160.0, 384.0, 0.0, 0.0, 347.0]
