18458545.0
25
[258.0, 115.0, 364.0, 0.0, 197.0, 0.0, 0.0, 266.0, 99.0, 0.0, 0.0, 278.0, 138.0, 237.0, 252.0, 237.0, 268.0, 215.0, 124.0, 0.0, 105.0, 0.0, 95.0, 0.0, 0.0, 0.0, 115.0, 212.0, 263.0, 160.0, 384.0, 0.0, 247.0, 100.0]
19459526.0
24
[258.0, 115.0, 364.0, 0.0, 197.0, 0.0, 0.0, 266.0, 99.0, 0.0, 0.0, 278.0, 138.0, 237.0, 144.0, 237.0, 160.0, 215.0, 124.0, 0.0, 105.0, 0.0, 95.0, 0.0, 0.0, 108.0, 115.0, 212.0, 263.0, 160.0, 384.0, 0.0, 247.0, 100.0]
17516214.0
26
[258.0, 115.0, 364.0, 0.0, 197.0, 0.0, 0.0, 266.0, 99.0, 0.0, 0.0, 422.0, 138.0, 237.0, 0.0, 237.0, 160.0, 215.0, 268.0, 0.0, 105.0, 0.0, 203.0, 0.0, 0.0, 0.0, 223.0, 212.0, 263.0, 160.0, 384.0, 0.0, 247.0, 100.0]
17542989.0
26
[373.0, 0.0, 364.0, 0.0, 197.0, 0.0, 0.0, 266.0, 99.0, 0.0, 0.0, 278.0, 138.0, 237.0, 144.0, 397.0, 0.0, 215.0, 124.0, 0.0, 105.0, 0.0, 95.0, 0.0, 0.0, 108.0, 275.0, 212.0, 378.0, 160.0, 384.0, 0.0, 247.0, 100.0]
14970414.0
30
[258.0, 115.0, 726.0, 0.0, 296.0, 0.0, 0.0, 266.0, 0.0, 0.0, 0.0, 278.0, 138.0, 237.0, 347.0, 332.0, 268.0, 339.0, 0.0, 0.0, 229.0, 0.0, 0.0, 0.0, 0.0, 0.0, 115.0, 459.0, 0.0, 423.0, 384.0, 0.0, 0.0, 347.0]
18471295.0
25
[373.0, 0.0, 364.0, 0.0, 197.0, 0.0, 0.0, 266.0, 99.0, 0.0, 0.0, 278.0, 138.0, 237.0, 144.0, 237.0, 160.0, 215.0, 124.0, 0.0, 105.0, 0.0, 95.0, 0.0, 0.0, 108.0, 115.0, 212.0, 378.0, 160.0, 384.0, 0.0, 247.0, 100.0]
18517195.0
25
[258.0, 115.0, 364.0, 0.0, 197.0, 0.0, 0.0, 266.0, 99.0, 0.0, 0.0, 278.0, 138.0, 381.0, 0.0, 237.0, 160.0, 215.0, 124.0, 0.0, 249.0, 0.0, 95.0, 0.0, 0.0, 108.0, 115.0, 212.0, 263.0, 160.0, 384.0, 0.0, 247.0, 100.0]
17583789.0
26
[258.0, 115.0, 364.0, 0.0, 197.0, 0.0, 0.0, 266.0, 99.0, 0.0, 0.0, 278.0, 138.0, 237.0, 144.0, 237.0, 160.0, 215.0, 124.0, 0.0, 105.0, 0.0, 203.0, 0.0, 0.0, 0.0, 223.0, 459.0, 263.0, 160.0, 384.0, 0.0, 0.0, 347.0]
16600658.0
27
[373.0, 0.0, 364.0, 0.0, 197.0, 0.0, 0.0, 266.0, 99.0, 0.0, 0.0, 278.0, 138.0, 381.0, 0.0, 397.0, 0.0, 215.0, 124.0, 0.0, 249.0, 0.0, 95.0, 0.0, 0.0, 108.0, 275.0, 212.0, 378.0, 160.0, 384.0, 0.0, 247.0, 100.0]
17588889.0
26
[258.0, 115.0, 364.0, 0.0, 197.0, 0.0, 0.0, 266.0, 99.0, 0.0, 0.0, 278.0, 138.0, 237.0, 144.0, 237.0, 160.0, 339.0, 0.0, 0.0, 229.0, 0.0, 203.0, 0.0, 0.0, 0.0, 223.0, 212.0, 263.0, 160.0, 384.0, 0.0, 247.0, 100.0]
16697558.0
27
[258.0, 115.0, 463.0, 0.0, 296.0, 0.0, 0.0, 266.0, 0.0, 0.0, 0.0, 278.0, 138.0, 237.0, 0.0, 381.0, 160.0, 215.0, 124.0, 0.0, 105.0, 0.0, 347.0, 0.0, 0.0, 0.0, 223.0, 212.0, 263.0, 160.0, 384.0, 0.0, 247.0, 100.0]
16771508.0
27
[258.0, 115.0, 364.0, 0.0, 197.0, 0.0, 0.0, 266.0, 99.0, 0.0, 0.0, 278.0, 138.0, 237.0, 381.0, 0.0, 160.0, 339.0, 0.0, 0.0, 229.0, 0.0, 440.0, 0.0, 0.0, 0.0, 223.0, 212.0, 263.0, 160.0, 384.0, 0.0, 247.0, 100.0]
18531220.0
25
[258.0, 115.0, 364.0, 0.0, 197.0, 0.0, 0.0, 266.0, 99.0, 0.0, 0.0, 278.0, 138.0, 237.0, 144.0, 397.0, 0.0, 215.0, 124.0, 0.0, 105.0, 0.0, 95.0, 0.0, 0.0, 108.0, 275.0, 212.0, 263.0, 160.0, 384.0, 0.0, 247.0, 100.0]
15769252.0
28
[258.0, 115.0, 364.0, 0.0, 197.0, 0.0, 0.0, 365.0, 0.0, 0.0, 0.0, 377.0, 138.0, 381.0, 0.0, 397.0, 0.0, 215.0, 124.0, 0.0, 249.0, 0.0, 203.0, 0.0, 0.0, 0.0, 383.0, 212.0, 263.0, 160.0, 384.0, 0.0, 247.0, 100.0]
17625864.0
26
[373.0, 0.0, 364.0, 0.0, 197.0, 0.0, 0.0, 266.0, 99.0, 0.0, 0.0, 278.0, 138.0, 237.0, 144.0, 237.0, 160.0, 215.0, 124.0, 0.0, 105.0, 0.0, 210.0, 0.0, 0.0, 223.0, 0.0, 212.0, 378.0, 160.0, 384.0, 0.0, 247.0, 100.0]
15783277.0
29
[258.0, 0.0, 364.0, 0.0, 197.0, 0.0, 0.0, 266.0, 99.0, 0.0, 0.0, 278.0, 253.0, 237.0, 144.0, 0.0, 397.0, 339.0, 0.0, 0.0, 229.0, 0.0, 203.0, 0.0, 0.0, 0.0, 460.0, 212.0, 378.0, 160.0, 384.0, 0.0, 362.0, 100.0]
15884002.0
28
[373.0, 0.0, 364.0, 0.0, 197.0, 0.0, 0.0, 365.0, 0.0, 0.0, 0.0, 377.0, 138.0, 237.0, 144.0, 237.0, 160.0, 320.0, 229.0, 0.0, 0.0, 0.0, 203.0, 0.0, 0.0, 0.0, 223.0, 212.0, 378.0, 160.0, 384.0, 0.0, 247.0, 100.0]
15873802.0
29
[258.0, 115.0, 364.0, 0.0, 197.0, 0.0, 0.0, 266.0, 99.0, 0.0, 0.0, 278.0, 138.0, 237.0, 0.0, 237.0, 304.0, 320.0, 229.0, 0.0, 0.0, 0.0, 347.0, 0.0, 0.0, 0.0, 367.0, 459.0, 263.0, 160.0, 384.0, 0.0, 0.0, 347.0]
17639889.0
26
[258.0, 115.0, 364.0, 0.0, 197.0, 0.0, 0.0, 365.0, 0.0, 0.0, 0.0, 377.0, 138.0, 237.0, 144.0, 237.0, 160.0, 215.0, 124.0, 0.0, 105.0, 0.0, 203.0, 0.0, 0.0, 0.0, 223.0, 212.0, 263.0, 160.0, 384.0, 0.0, 247.0, 100.0]
16797008.0
27
[258.0, 115.0, 364.0, 0.0, 197.0, 0.0, 0.0, 266.0, 99.0, 0.0, 0.0, 278.0, 138.0, 237.0, 0.0, 381.0, 160.0, 215.0, 124.0, 0.0, 105.0, 0.0, 354.0, 0.0, 0.0, 223.0, 0.0, 459.0, 263.0, 160.0, 384.0, 0.0, 0.0, 347.0]
16527983.0
28
[373.0, 0.0, 364.0, 0.0, 197.0, 0.0, 0.0, 266.0, 99.0, 0.0, 0.0, 386.0, 138.0, 237.0, 0.0, 381.0, 268.0, 215.0, 232.0, 0.0, 105.0, 0.0, 239.0, 0.0, 0.0, 0.0, 115.0, 212.0, 378.0, 160.0, 384.0, 0.0, 247.0, 100.0]
17671764.0
26
[258.0, 115.0, 364.0, 0.0, 197.0, 0.0, 0.0, 266.0, 99.0, 0.0, 0.0, 422.0, 138.0, 237.0, 0.0, 237.0, 160.0, 215.0, 268.0, 0.0, 105.0, 0.0, 210.0, 0.0, 0.0, 223.0, 0.0, 212.0, 263.0, 160.0, 384.0, 0.0, 247.0, 100.0]
16807208.0
27
[373.0, 0.0, 364.0, 0.0, 197.0, 0.0, 0.0, 365.0, 0.0, 0.0, 0.0, 377.0, 138.0, 237.0, 144.0, 352.0, 275.0, 215.0, 124.0, 0.0, 105.0, 0.0, 95.0, 0.0, 0.0, 108.0, 0.0, 212.0, 378.0, 160.0, 384.0, 0.0, 247.0, 100.0]
16459721.0
32
[258.0, 253.0, 463.0, 0.0, 296.0, 0.0, 401.0, 266.0, 0.0, 0.0, 0.0, 0.0, 0.0, 0.0, 422.0, 474.0, 160.0, 215.0, 402.0, 0.0, 220.0, 352.0, 95.0, 0.0, 0.0, 223.0, 0.0, 350.0, 0.0, 160.0, 384.0, 0.0, 247.0, 363.0]
16952318.0
27
[258.0, 115.0, 364.0, 0.0, 197.0, 0.0, 0.0, 266.0, 99.0, 0.0, 0.0, 278.0, 138.0, 237.0, 144.0, 397.0, 0.0, 215.0, 124.0, 0.0, 105.0, 0.0, 0.0, 0.0, 0.0, 203.0, 370.0, 459.0, 263.0, 160.0, 384.0, 0.0, 0.0, 347.0]
16445337.0
33
[0.0, 115.0, 364.0, 0.0, 197.0, 0.0, 0.0, 0.0, 365.0, 0.0, 0.0, 941.0, 0.0, 0.0, 381.0, 0.0, 0.0, 452.0, 284.0, 0.0, 0.0, 105.0, 332.0, 396.0, 0.0, 373.0, 220.0, 350.0, 263.0, 160.0, 384.0, 0.0, 247.0, 358.0]
16511066.0
29
[258.0, 115.0, 824.0, 0.0, 0.0, 0.0, 0.0, 266.0, 296.0, 0.0, 0.0, 278.0, 138.0, 345.0, 144.0, 237.0, 268.0, 215.0, 124.0, 0.0, 213.0, 0.0, 95.0, 0.0, 0.0, 0.0, 115.0, 312.0, 0.0, 423.0, 384.0, 0.0, 347.0, 0.0]
