19459526.0
24
[258.0, 115.0, 364.0, 0.0, 197.0, 0.0, 0.0, 266.0, 99.0, 0.0, 0.0, 278.0, 138.0, 237.0, 144.0, 237.0, 160.0, 215.0, 124.0, 0.0, 105.0, 0.0, 95.0, 0.0, 0.0, 108.0, 115.0, 212.0, 263.0, 160.0, 384.0, 0.0, 247.0, 100.0]
18458545.0
25
[258.0, 115.0, 364.0, 0.0, 197.0, 0.0, 0.0, 266.0, 99.0, 0.0, 0.0, 278.0, 138.0, 237.0, 144.0, 237.0, 160.0, 215.0, 124.0, 0.0, 105.0, 0.0, 203.0, 0.0, 0.0, 0.0, 223.0, 212.0, 263.0, 160.0, 384.0, 0.0, 247.0, 100.0]
18471295.0
25
[373.0, 0.0, 364.0, 0.0, 197.0, 0.0, 0.0, 266.0, 99.0, 0.0, 0.0, 278.0, 138.0, 237.0, 144.0, 237.0, 160.0, 215.0, 124.0, 0.0, 105.0, 0.0, 95.0, 0.0, 0.0, 108.0, 115.0, 212.0, 378.0, 160.0, 384.0, 0.0, 247.0, 100.0]
18517195.0
25
[258.0, 115.0, 364.0, 0.0, 197.0, 0.0, 0.0, 266.0, 99.0, 0.0, 0.0, 278.0, 138.0, 237.0, 0.0, 237.0, 304.0, 215.0, 124.0, 0.0, 105.0, 0.0, 95.0, 0.0, 0.0, 252.0, 115.0, 212.0, 263.0, 160.0, 384.0, 0.0, 247.0, 100.0]
18531220.0
25
[258.0, 115.0, 364.0, 0.0, 197.0, 0.0, 0.0, 266.0, 99.0, 0.0, 0.0, 278.0, 138.0, 237.0, 144.0, 397.0, 0.0, 215.0, 124.0, 0.0, 105.0, 0.0, 95.0, 0.0, 0.0, 108.0, 275.0, 212.0, 263.0, 160.0, 384.0, 0.0, 247.0, 100.0]
17470314.0
26
[373.0, 0.0, 364.0, 0.0, 197.0, 0.0, 0.0, 266.0, 99.0, 0.0, 0.0, 278.0, 138.0, 237.0, 252.0, 237.0, 268.0, 215.0, 124.0, 0.0, 105.0, 0.0, 95.0, 0.0, 0.0, 0.0, 115.0, 212.0, 378.0, 160.0, 384.0, 0.0, 247.0, 100.0]
14163815.0
31
[373.0, 0.0, 463.0, 0.0, 296.0, 0.0, 0.0, 266.0, 0.0, 0.0, 0.0, 386.0, 138.0, 237.0, 144.0, 352.0, 383.0, 320.0, 337.0, 0.0, 0.0, 0.0, 95.0, 0.0, 0.0, 0.0, 0.0, 459.0, 378.0, 160.0, 384.0, 0.0, 0.0, 347.0]
17516214.0
26
[258.0, 115.0, 364.0, 0.0, 197.0, 0.0, 0.0, 266.0, 99.0, 0.0, 0.0, 422.0, 138.0, 237.0, 0.0, 237.0, 160.0, 215.0, 268.0, 0.0, 105.0, 0.0, 203.0, 0.0, 0.0, 0.0, 223.0, 212.0, 263.0, 160.0, 384.0, 0.0, 247.0, 100.0]
17528964.0
26
[373.0, 0.0, 364.0, 0.0, 197.0, 0.0, 0.0, 266.0, 99.0, 0.0, 0.0, 278.0, 138.0, 237.0, 0.0, 237.0, 304.0, 215.0, 124.0, 0.0, 105.0, 0.0, 95.0, 0.0, 0.0, 252.0, 115.0, 212.0, 378.0, 160.0, 384.0, 0.0, 247.0, 100.0]
15094431.0
29
[373.0, 0.0, 364.0, 0.0, 197.0, 0.0, 0.0, 266.0, 99.0, 0.0, 0.0, 402.0, 138.0, 237.0, 428.0, 237.0, 0.0, 215.0, 0.0, 0.0, 105.0, 0.0, 0.0, 0.0, 0.0, 363.0, 210.0, 459.0, 378.0, 160.0, 384.0, 0.0, 0.0, 347.0]
17530239.0
26
[258.0, 115.0, 364.0, 0.0, 197.0, 0.0, 0.0, 266.0, 99.0, 0.0, 0.0, 278.0, 138.0, 237.0, 144.0, 397.0, 0.0, 215.0, 124.0, 0.0, 105.0, 0.0, 203.0, 0.0, 0.0, 0.0, 383.0, 212.0, 263.0, 160.0, 384.0, 0.0, 247.0, 100.0]
18584770.0
25
[258.0, 115.0, 364.0, 0.0, 197.0, 0.0, 0.0, 266.0, 99.0, 0.0, 0.0, 278.0, 138.0, 237.0, 144.0, 237.0, 160.0, 215.0, 124.0, 0.0, 105.0, 0.0, 95.0, 0.0, 0.0, 108.0, 115.0, 459.0, 263.0, 160.0, 384.0, 0.0, 0.0, 347.0]
17542989.0
26
[373.0, 0.0, 364.0, 0.0, 197.0, 0.0, 0.0, 266.0, 99.0, 0.0, 0.0, 278.0, 138.0, 237.0, 304.0, 237.0, 0.0, 215.0, 124.0, 0.0, 105.0, 0.0, 95.0, 0.0, 0.0, 268.0, 115.0, 212.0, 378.0, 160.0, 384.0, 0.0, 247.0, 100.0]
17583789.0
26
[258.0, 115.0, 364.0, 0.0, 197.0, 0.0, 0.0, 266.0, 99.0, 0.0, 0.0, 278.0, 138.0, 237.0, 252.0, 237.0, 268.0, 215.0, 124.0, 0.0, 105.0, 0.0, 95.0, 0.0, 0.0, 0.0, 115.0, 459.0, 263.0, 160.0, 384.0, 0.0, 0.0, 347.0]
17588889.0
26
[258.0, 115.0, 364.0, 0.0, 197.0, 0.0, 0.0, 266.0, 99.0, 0.0, 0.0, 278.0, 138.0, 237.0, 252.0, 237.0, 268.0, 339.0, 0.0, 0.0, 229.0, 0.0, 95.0, 0.0, 0.0, 0.0, 115.0, 212.0, 263.0, 160.0, 384.0, 0.0, 247.0, 100.0]
14607275.0
30
[258.0, 115.0, 463.0, 0.0, 296.0, 0.0, 0.0, 266.0, 0.0, 0.0, 0.0, 402.0, 138.0, 342.0, 373.0, 0.0, 397.0, 215.0, 0.0, 0.0, 0.0, 0.0, 0.0, 0.0, 0.0, 203.0, 447.0, 459.0, 263.0, 160.0, 384.0, 0.0, 0.0, 347.0]
14814171.0
32
[258.0, 0.0, 463.0, 0.0, 296.0, 0.0, 0.0, 266.0, 0.0, 0.0, 0.0, 278.0, 385.0, 381.0, 0.0, 397.0, 0.0, 215.0, 124.0, 0.0, 249.0, 0.0, 203.0, 362.0, 0.0, 0.0, 383.0, 212.0, 378.0, 160.0, 384.0, 0.0, 0.0, 462.0]
17596539.0
26
[373.0, 0.0, 364.0, 0.0, 197.0, 0.0, 0.0, 266.0, 99.0, 0.0, 0.0, 278.0, 138.0, 237.0, 144.0, 237.0, 160.0, 215.0, 124.0, 0.0, 105.0, 0.0, 95.0, 0.0, 0.0, 108.0, 115.0, 459.0, 378.0, 160.0, 384.0, 0.0, 0.0, 347.0]
17613114.0
26
[258.0, 115.0, 364.0, 0.0, 197.0, 0.0, 0.0, 266.0, 99.0, 0.0, 0.0, 278.0, 138.0, 237.0, 252.0, 352.0, 383.0, 215.0, 124.0, 0.0, 105.0, 0.0, 95.0, 0.0, 0.0, 0.0, 0.0, 212.0, 263.0, 160.0, 384.0, 0.0, 247.0, 100.0]
17624589.0
26
[258.0, 115.0, 364.0, 0.0, 197.0, 0.0, 0.0, 266.0, 99.0, 0.0, 0.0, 278.0, 138.0, 237.0, 252.0, 237.0, 268.0, 215.0, 124.0, 0.0, 105.0, 0.0, 95.0, 0.0, 0.0, 0.0, 115.0, 312.0, 263.0, 160.0, 384.0, 0.0, 347.0, 0.0]
14919996.0
31
[373.0, 0.0, 463.0, 0.0, 296.0, 0.0, 0.0, 266.0, 0.0, 0.0, 0.0, 278.0, 138.0, 0.0, 0.0, 474.0, 304.0, 320.0, 229.0, 0.0, 0.0, 237.0, 347.0, 0.0, 0.0, 0.0, 367.0, 212.0, 378.0, 160.0, 384.0, 0.0, 247.0, 100.0]
15012729.0
31
[258.0, 115.0, 726.0, 0.0, 296.0, 0.0, 0.0, 266.0, 0.0, 0.0, 0.0, 278.0, 138.0, 0.0, 0.0, 474.0, 304.0, 215.0, 124.0, 0.0, 342.0, 0.0, 447.0, 0.0, 0.0, 367.0, 0.0, 312.0, 0.0, 423.0, 384.0, 0.0, 347.0, 0.0]
15798577.0
28
[373.0, 0.0, 364.0, 0.0, 197.0, 0.0, 0.0, 266.0, 99.0, 0.0, 0.0, 402.0, 138.0, 237.0, 428.0, 237.0, 0.0, 215.0, 0.0, 0.0, 105.0, 0.0, 95.0, 0.0, 0.0, 268.0, 115.0, 459.0, 378.0, 160.0, 384.0, 0.0, 0.0, 347.0]
15030339.0
30
[258.0, 115.0, 627.0, 0.0, 197.0, 0.0, 0.0, 266.0, 99.0, 0.0, 0.0, 278.0, 138.0, 381.0, 0.0, 0.0, 397.0, 339.0, 0.0, 0.0, 373.0, 0.0, 0.0, 0.0, 0.0, 203.0, 447.0, 459.0, 0.0, 423.0, 384.0, 0.0, 0.0, 347.0]
17625864.0
26
[373.0, 0.0, 364.0, 0.0, 197.0, 0.0, 0.0, 266.0, 99.0, 0.0, 0.0, 278.0, 138.0, 237.0, 144.0, 237.0, 160.0, 215.0, 124.0, 0.0, 105.0, 0.0, 210.0, 0.0, 0.0, 223.0, 0.0, 212.0, 378.0, 160.0, 384.0, 0.0, 247.0, 100.0]
16527983.0
27
[373.0, 0.0, 364.0, 0.0, 197.0, 0.0, 0.0, 266.0, 99.0, 0.0, 0.0, 278.0, 138.0, 381.0, 0.0, 237.0, 160.0, 215.0, 124.0, 0.0, 249.0, 0.0, 203.0, 0.0, 0.0, 0.0, 223.0, 212.0, 378.0, 160.0, 384.0, 0.0, 247.0, 100.0]
15351981.0
29
[258.0, 115.0, 463.0, 0.0, 296.0, 0.0, 0.0, 266.0, 0.0, 0.0, 0.0, 422.0, 138.0, 237.0, 0.0, 237.0, 160.0, 320.0, 373.0, 0.0, 0.0, 0.0, 0.0, 0.0, 0.0, 203.0, 210.0, 459.0, 263.0, 160.0, 384.0, 0.0, 0.0, 347.0]
15307596.0
30
[258.0, 115.0, 364.0, 0.0, 197.0, 0.0, 0.0, 266.0, 99.0, 0.0, 0.0, 278.0, 138.0, 0.0, 381.0, 0.0, 397.0, 339.0, 0.0, 0.0, 466.0, 0.0, 447.0, 0.0, 0.0, 460.0, 0.0, 312.0, 263.0, 160.0, 384.0, 0.0, 347.0, 0.0]
15154596.0
32
[396.0, 115.0, 463.0, 0.0, 296.0, 0.0, 0.0, 266.0, 0.0, 0.0, 0.0, 393.0, 0.0, 0.0, 0.0, 474.0, 419.0, 215.0, 0.0, 239.0, 342.0, 0.0, 456.0, 0.0, 0.0, 252.0, 0.0, 212.0, 263.0, 160.0, 384.0, 0.0, 385.0, 100.0]
15755227.0
29
[373.0, 0.0, 364.0, 0.0, 197.0, 0.0, 0.0, 390.0, 223.0, 0.0, 0.0, 278.0, 138.0, 237.0, 376.0, 352.0, 383.0, 215.0, 0.0, 0.0, 105.0, 0.0, 95.0, 0.0, 0.0, 0.0, 0.0, 212.0, 378.0, 160.0, 384.0, 0.0, 247.0, 100.0]
15978352.0
28
[258.0, 115.0, 364.0, 0.0, 197.0, 0.0, 0.0, 365.0, 0.0, 0.0, 0.0, 377.0, 138.0, 237.0, 0.0, 381.0, 160.0, 215.0, 124.0, 0.0, 105.0, 0.0, 354.0, 0.0, 0.0, 223.0, 0.0, 459.0, 263.0, 160.0, 384.0, 0.0, 0.0, 347.0]
15182594.0
32
[0.0, 373.0, 721.0, 0.0, 296.0, 0.0, 0.0, 266.0, 0.0, 0.0, 0.0, 402.0, 138.0, 0.0, 428.0, 474.0, 0.0, 215.0, 0.0, 0.0, 200.0, 332.0, 0.0, 0.0, 0.0, 268.0, 115.0, 459.0, 263.0, 418.0, 384.0, 0.0, 0.0, 347.0]
17639889.0
26
[258.0, 115.0, 364.0, 0.0, 197.0, 0.0, 0.0, 365.0, 0.0, 0.0, 0.0, 377.0, 138.0, 237.0, 252.0, 237.0, 268.0, 215.0, 124.0, 0.0, 105.0, 0.0, 95.0, 0.0, 0.0, 0.0, 115.0, 212.0, 263.0, 160.0, 384.0, 0.0, 247.0, 100.0]
15815152.0
30
[258.0, 0.0, 364.0, 0.0, 197.0, 0.0, 0.0, 266.0, 99.0, 0.0, 0.0, 402.0, 253.0, 0.0, 268.0, 474.0, 160.0, 215.0, 0.0, 0.0, 342.0, 0.0, 440.0, 0.0, 0.0, 0.0, 223.0, 212.0, 378.0, 160.0, 384.0, 0.0, 362.0, 100.0]
17642439.0
26
[258.0, 115.0, 364.0, 0.0, 197.0, 0.0, 0.0, 266.0, 99.0, 0.0, 0.0, 422.0, 138.0, 237.0, 0.0, 237.0, 160.0, 215.0, 268.0, 0.0, 105.0, 0.0, 95.0, 0.0, 0.0, 108.0, 115.0, 459.0, 263.0, 160.0, 384.0, 0.0, 0.0, 347.0]
17656464.0
26
[258.0, 115.0, 364.0, 0.0, 197.0, 0.0, 0.0, 266.0, 99.0, 0.0, 0.0, 278.0, 138.0, 237.0, 304.0, 237.0, 0.0, 215.0, 124.0, 0.0, 105.0, 0.0, 95.0, 0.0, 0.0, 268.0, 115.0, 459.0, 263.0, 160.0, 384.0, 0.0, 0.0, 347.0]
15776825.0
32
[418.0, 275.0, 721.0, 0.0, 0.0, 0.0, 0.0, 266.0, 296.0, 0.0, 0.0, 422.0, 138.0, 0.0, 0.0, 474.0, 160.0, 215.0, 268.0, 0.0, 220.0, 352.0, 95.0, 0.0, 0.0, 223.0, 0.0, 0.0, 263.0, 0.0, 384.0, 0.0, 459.0, 312.0]
15873802.0
29
[258.0, 115.0, 463.0, 0.0, 296.0, 0.0, 0.0, 266.0, 0.0, 0.0, 0.0, 402.0, 138.0, 0.0, 268.0, 474.0, 160.0, 215.0, 0.0, 0.0, 105.0, 237.0, 203.0, 0.0, 0.0, 0.0, 223.0, 459.0, 263.0, 160.0, 384.0, 0.0, 0.0, 347.0]
15817360.0
30
[258.0, 115.0, 726.0, 0.0, 296.0, 0.0, 0.0, 266.0, 0.0, 0.0, 0.0, 278.0, 138.0, 0.0, 0.0, 381.0, 397.0, 215.0, 124.0, 0.0, 342.0, 0.0, 239.0, 0.0, 0.0, 345.0, 115.0, 459.0, 0.0, 423.0, 384.0, 0.0, 0.0, 347.0]
16651658.0
27
[373.0, 0.0, 364.0, 0.0, 197.0, 0.0, 0.0, 365.0, 0.0, 0.0, 0.0, 377.0, 138.0, 237.0, 252.0, 237.0, 268.0, 215.0, 124.0, 0.0, 105.0, 0.0, 95.0, 0.0, 0.0, 0.0, 115.0, 212.0, 378.0, 160.0, 384.0, 0.0, 247.0, 100.0]
15806227.0
31
[258.0, 115.0, 364.0, 0.0, 197.0, 0.0, 0.0, 365.0, 0.0, 0.0, 0.0, 377.0, 138.0, 0.0, 0.0, 474.0, 304.0, 339.0, 0.0, 0.0, 337.0, 345.0, 239.0, 0.0, 0.0, 0.0, 367.0, 212.0, 263.0, 160.0, 384.0, 0.0, 247.0, 100.0]
17491647.0
27
[258.0, 115.0, 627.0, 0.0, 197.0, 0.0, 0.0, 365.0, 0.0, 0.0, 0.0, 377.0, 138.0, 237.0, 304.0, 237.0, 0.0, 215.0, 124.0, 0.0, 105.0, 0.0, 95.0, 0.0, 0.0, 268.0, 115.0, 212.0, 0.0, 423.0, 384.0, 0.0, 247.0, 100.0]
16008952.0
28
[258.0, 115.0, 463.0, 0.0, 296.0, 0.0, 0.0, 266.0, 0.0, 0.0, 0.0, 402.0, 138.0, 237.0, 428.0, 237.0, 0.0, 215.0, 0.0, 0.0, 105.0, 0.0, 95.0, 0.0, 0.0, 268.0, 115.0, 312.0, 263.0, 160.0, 384.0, 0.0, 347.0, 0.0]
