19459526.0
24
[258.0, 115.0, 364.0, 0.0, 197.0, 0.0, 0.0, 266.0, 99.0, 0.0, 0.0, 278.0, 138.0, 237.0, 144.0, 237.0, 160.0, 215.0, 124.0, 0.0, 105.0, 0.0, 95.0, 0.0, 0.0, 108.0, 115.0, 212.0, 263.0, 160.0, 384.0, 0.0, 247.0, 100.0]
18458545.0
25
[258.0, 115.0, 364.0, 0.0, 197.0, 0.0, 0.0, 266.0, 99.0, 0.0, 0.0, 278.0, 138.0, 237.0, 252.0, 237.0, 268.0, 215.0, 124.0, 0.0, 105.0, 0.0, 95.0, 0.0, 0.0, 0.0, 115.0, 212.0, 263.0, 160.0, 384.0, 0.0, 247.0, 100.0]
18517195.0
25
[258.0, 115.0, 364.0, 0.0, 197.0, 0.0, 0.0, 266.0, 99.0, 0.0, 0.0, 278.0, 138.0, 237.0, 0.0, 237.0, 304.0, 215.0, 124.0, 0.0, 105.0, 0.0, 95.0, 0.0, 0.0, 252.0, 115.0, 212.0, 263.0, 160.0, 384.0, 0.0, 247.0, 100.0]
17470314.0
26
[373.0, 0.0, 364.0, 0.0, 197.0, 0.0, 0.0, 266.0, 99.0, 0.0, 0.0, 278.0, 138.0, 237.0, 144.0, 237.0, 160.0, 215.0, 124.0, 0.0, 105.0, 0.0, 203.0, 0.0, 0.0, 0.0, 223.0, 212.0, 378.0, 160.0, 384.0, 0.0, 247.0, 100.0]
13947065.0
30
[373.0, 0.0, 463.0, 0.0, 296.0, 0.0, 0.0, 266.0, 0.0, 0.0, 0.0, 278.0, 138.0, 381.0, 0.0, 397.0, 0.0, 215.0, 124.0, 0.0, 249.0, 0.0, 203.0, 0.0, 0.0, 0.0, 383.0, 312.0, 378.0, 160.0, 384.0, 0.0, 347.0, 0.0]
16641458.0
27
[258.0, 115.0, 364.0, 0.0, 197.0, 0.0, 0.0, 266.0, 99.0, 0.0, 0.0, 278.0, 138.0, 381.0, 0.0, 237.0, 160.0, 215.0, 124.0, 0.0, 249.0, 0.0, 203.0, 0.0, 0.0, 0.0, 223.0, 459.0, 263.0, 160.0, 384.0, 0.0, 0.0, 347.0]
15835552.0
28
[373.0, 0.0, 364.0, 0.0, 197.0, 0.0, 0.0, 365.0, 0.0, 0.0, 0.0, 377.0, 138.0, 381.0, 0.0, 237.0, 160.0, 215.0, 124.0, 0.0, 249.0, 0.0, 95.0, 0.0, 0.0, 108.0, 115.0, 459.0, 378.0, 160.0, 384.0, 0.0, 0.0, 347.0]
16714133.0
27
[258.0, 115.0, 364.0, 0.0, 197.0, 0.0, 0.0, 266.0, 99.0, 0.0, 0.0, 278.0, 138.0, 237.0, 144.0, 237.0, 160.0, 339.0, 0.0, 0.0, 229.0, 0.0, 203.0, 0.0, 0.0, 0.0, 223.0, 459.0, 263.0, 160.0, 384.0, 0.0, 0.0, 347.0]
15191331.0
29
[258.0, 115.0, 364.0, 0.0, 197.0, 0.0, 0.0, 365.0, 0.0, 0.0, 0.0, 377.0, 138.0, 381.0, 0.0, 397.0, 0.0, 215.0, 124.0, 0.0, 249.0, 0.0, 0.0, 0.0, 0.0, 203.0, 370.0, 459.0, 263.0, 160.0, 384.0, 0.0, 0.0, 347.0]
17516214.0
26
[258.0, 115.0, 364.0, 0.0, 197.0, 0.0, 0.0, 266.0, 99.0, 0.0, 0.0, 278.0, 138.0, 237.0, 0.0, 381.0, 160.0, 215.0, 124.0, 0.0, 105.0, 0.0, 347.0, 0.0, 0.0, 0.0, 223.0, 212.0, 263.0, 160.0, 384.0, 0.0, 247.0, 100.0]
16770233.0
27
[258.0, 115.0, 463.0, 0.0, 296.0, 0.0, 0.0, 266.0, 0.0, 0.0, 0.0, 278.0, 138.0, 237.0, 252.0, 237.0, 268.0, 339.0, 0.0, 0.0, 229.0, 0.0, 95.0, 0.0, 0.0, 0.0, 115.0, 212.0, 263.0, 160.0, 384.0, 0.0, 247.0, 100.0]
15840652.0
28
[396.0, 115.0, 463.0, 0.0, 296.0, 0.0, 0.0, 266.0, 0.0, 0.0, 0.0, 278.0, 0.0, 381.0, 0.0, 237.0, 160.0, 215.0, 124.0, 0.0, 249.0, 0.0, 203.0, 0.0, 0.0, 0.0, 223.0, 212.0, 263.0, 160.0, 384.0, 0.0, 385.0, 100.0]
17588889.0
26
[258.0, 115.0, 364.0, 0.0, 197.0, 0.0, 0.0, 266.0, 99.0, 0.0, 0.0, 278.0, 138.0, 381.0, 0.0, 397.0, 0.0, 215.0, 124.0, 0.0, 249.0, 0.0, 95.0, 0.0, 0.0, 108.0, 275.0, 212.0, 263.0, 160.0, 384.0, 0.0, 247.0, 100.0]
16798283.0
27
[258.0, 115.0, 364.0, 0.0, 197.0, 0.0, 0.0, 266.0, 99.0, 0.0, 0.0, 278.0, 138.0, 0.0, 381.0, 237.0, 160.0, 215.0, 124.0, 0.0, 342.0, 0.0, 203.0, 0.0, 0.0, 0.0, 223.0, 459.0, 263.0, 160.0, 384.0, 0.0, 0.0, 347.0]
16155842.0
28
[258.0, 115.0, 364.0, 0.0, 197.0, 0.0, 0.0, 365.0, 0.0, 0.0, 0.0, 377.0, 138.0, 237.0, 252.0, 237.0, 268.0, 320.0, 229.0, 0.0, 0.0, 0.0, 95.0, 0.0, 0.0, 0.0, 115.0, 0.0, 263.0, 160.0, 384.0, 0.0, 459.0, 312.0]
15834629.0
29
[258.0, 115.0, 721.0, 0.0, 0.0, 0.0, 0.0, 266.0, 296.0, 0.0, 0.0, 0.0, 138.0, 237.0, 422.0, 397.0, 0.0, 215.0, 402.0, 0.0, 105.0, 0.0, 95.0, 0.0, 0.0, 108.0, 275.0, 459.0, 423.0, 0.0, 384.0, 0.0, 0.0, 347.0]
16600658.0
29
[258.0, 0.0, 364.0, 0.0, 197.0, 0.0, 0.0, 266.0, 99.0, 0.0, 0.0, 438.0, 253.0, 381.0, 0.0, 237.0, 0.0, 215.0, 284.0, 0.0, 249.0, 0.0, 95.0, 0.0, 0.0, 268.0, 115.0, 212.0, 378.0, 160.0, 384.0, 0.0, 362.0, 100.0]
16039437.0
31
[418.0, 275.0, 790.0, 463.0, 0.0, 0.0, 0.0, 0.0, 99.0, 0.0, 0.0, 475.0, 138.0, 0.0, 381.0, 237.0, 160.0, 215.0, 124.0, 0.0, 342.0, 0.0, 0.0, 0.0, 0.0, 203.0, 210.0, 312.0, 263.0, 0.0, 384.0, 0.0, 347.0, 0.0]
16859483.0
28
[258.0, 115.0, 364.0, 0.0, 357.0, 0.0, 0.0, 266.0, 259.0, 0.0, 0.0, 402.0, 138.0, 237.0, 268.0, 237.0, 160.0, 215.0, 0.0, 0.0, 105.0, 0.0, 95.0, 0.0, 0.0, 108.0, 115.0, 312.0, 423.0, 0.0, 384.0, 0.0, 347.0, 0.0]
16944908.0
27
[258.0, 115.0, 364.0, 0.0, 197.0, 0.0, 0.0, 365.0, 0.0, 0.0, 0.0, 377.0, 138.0, 237.0, 144.0, 397.0, 0.0, 320.0, 229.0, 0.0, 0.0, 0.0, 95.0, 0.0, 0.0, 108.0, 275.0, 212.0, 263.0, 160.0, 384.0, 0.0, 247.0, 100.0]
17660289.0
26
[396.0, 115.0, 364.0, 0.0, 197.0, 0.0, 0.0, 266.0, 99.0, 0.0, 0.0, 278.0, 0.0, 381.0, 0.0, 237.0, 160.0, 215.0, 124.0, 0.0, 249.0, 0.0, 95.0, 0.0, 0.0, 108.0, 115.0, 212.0, 263.0, 160.0, 384.0, 0.0, 385.0, 100.0]
14876646.0
32
[258.0, 115.0, 364.0, 0.0, 357.0, 0.0, 0.0, 266.0, 259.0, 0.0, 0.0, 278.0, 138.0, 397.0, 381.0, 0.0, 0.0, 339.0, 0.0, 0.0, 229.0, 160.0, 440.0, 0.0, 0.0, 0.0, 383.0, 312.0, 423.0, 0.0, 384.0, 0.0, 347.0, 0.0]
