16182352.0
30
[258.0, 115.0, 364.0, 0.0, 197.0, 0.0, 0.0, 266.0, 0.0, 0.0, 199.0, 377.0, 138.0, 237.0, 381.0, 0.0, 259.0, 339.0, 0.0, 0.0, 229.0, 0.0, 440.0, 0.0, 0.0, 0.0, 223.0, 212.0, 263.0, 260.0, 384.0, 0.0, 247.0, 0.0]
19459526.0
24
[258.0, 115.0, 364.0, 0.0, 197.0, 0.0, 0.0, 266.0, 99.0, 0.0, 0.0, 278.0, 138.0, 237.0, 144.0, 237.0, 160.0, 215.0, 124.0, 0.0, 105.0, 0.0, 95.0, 0.0, 0.0, 108.0, 115.0, 212.0, 263.0, 160.0, 384.0, 0.0, 247.0, 100.0]
18458545.0
25
[258.0, 115.0, 364.0, 0.0, 197.0, 0.0, 0.0, 266.0, 99.0, 0.0, 0.0, 278.0, 138.0, 237.0, 252.0, 237.0, 268.0, 215.0, 124.0, 0.0, 105.0, 0.0, 95.0, 0.0, 0.0, 0.0, 115.0, 212.0, 263.0, 160.0, 384.0, 0.0, 247.0, 100.0]
16986743.0
27
[258.0, 115.0, 364.0, 0.0, 197.0, 0.0, 0.0, 266.0, 99.0, 0.0, 0.0, 278.0, 138.0, 237.0, 347.0, 332.0, 268.0, 320.0, 229.0, 0.0, 0.0, 0.0, 0.0, 0.0, 0.0, 0.0, 115.0, 212.0, 263.0, 160.0, 384.0, 0.0, 247.0, 100.0]
16813001.0
28
[258.0, 115.0, 721.0, 0.0, 0.0, 0.0, 0.0, 266.0, 296.0, 0.0, 0.0, 278.0, 138.0, 0.0, 476.0, 332.0, 160.0, 215.0, 124.0, 0.0, 342.0, 0.0, 0.0, 0.0, 0.0, 108.0, 115.0, 212.0, 423.0, 0.0, 384.0, 0.0, 247.0, 100.0]
17745714.0
26
[258.0, 115.0, 364.0, 0.0, 197.0, 0.0, 0.0, 266.0, 99.0, 0.0, 0.0, 278.0, 138.0, 0.0, 381.0, 397.0, 0.0, 215.0, 124.0, 0.0, 342.0, 0.0, 95.0, 0.0, 0.0, 108.0, 275.0, 212.0, 263.0, 160.0, 384.0, 0.0, 247.0, 100.0]
