18458545.0
25
[258.0, 115.0, 364.0, 0.0, 197.0, 0.0, 0.0, 266.0, 99.0, 0.0, 0.0, 278.0, 138.0, 237.0, 252.0, 237.0, 268.0, 215.0, 124.0, 0.0, 105.0, 0.0, 95.0, 0.0, 0.0, 0.0, 115.0, 212.0, 263.0, 160.0, 384.0, 0.0, 247.0, 100.0]
19459526.0
24
[258.0, 115.0, 364.0, 0.0, 197.0, 0.0, 0.0, 266.0, 99.0, 0.0, 0.0, 278.0, 138.0, 237.0, 144.0, 237.0, 160.0, 215.0, 124.0, 0.0, 105.0, 0.0, 95.0, 0.0, 0.0, 108.0, 115.0, 212.0, 263.0, 160.0, 384.0, 0.0, 247.0, 100.0]
16802108.0
27
[258.0, 115.0, 364.0, 0.0, 197.0, 0.0, 0.0, 266.0, 99.0, 0.0, 0.0, 278.0, 138.0, 237.0, 0.0, 237.0, 304.0, 339.0, 0.0, 0.0, 229.0, 0.0, 210.0, 0.0, 0.0, 367.0, 0.0, 212.0, 263.0, 160.0, 384.0, 0.0, 247.0, 100.0]
17671764.0
26
[258.0, 115.0, 364.0, 0.0, 197.0, 0.0, 0.0, 266.0, 99.0, 0.0, 0.0, 422.0, 138.0, 237.0, 0.0, 352.0, 275.0, 215.0, 268.0, 0.0, 105.0, 0.0, 95.0, 0.0, 0.0, 108.0, 0.0, 212.0, 263.0, 160.0, 384.0, 0.0, 247.0, 100.0]
16110952.0
29
[258.0, 115.0, 364.0, 0.0, 197.0, 0.0, 0.0, 365.0, 0.0, 0.0, 0.0, 377.0, 138.0, 0.0, 144.0, 474.0, 160.0, 339.0, 0.0, 0.0, 466.0, 0.0, 332.0, 0.0, 0.0, 108.0, 115.0, 459.0, 263.0, 160.0, 384.0, 0.0, 0.0, 347.0]
17673039.0
26
[258.0, 115.0, 364.0, 0.0, 197.0, 0.0, 0.0, 266.0, 99.0, 0.0, 0.0, 278.0, 138.0, 0.0, 381.0, 237.0, 160.0, 215.0, 124.0, 0.0, 342.0, 0.0, 203.0, 0.0, 0.0, 0.0, 223.0, 212.0, 263.0, 160.0, 384.0, 0.0, 247.0, 100.0]
16773716.0
29
[258.0, 115.0, 623.0, 0.0, 296.0, 0.0, 0.0, 266.0, 0.0, 0.0, 0.0, 278.0, 138.0, 0.0, 381.0, 0.0, 397.0, 215.0, 124.0, 0.0, 342.0, 0.0, 332.0, 0.0, 0.0, 345.0, 115.0, 212.0, 423.0, 0.0, 384.0, 0.0, 247.0, 100.0]
16952318.0
27
[258.0, 115.0, 364.0, 0.0, 197.0, 0.0, 0.0, 266.0, 99.0, 0.0, 0.0, 278.0, 138.0, 237.0, 304.0, 237.0, 0.0, 215.0, 124.0, 0.0, 105.0, 0.0, 0.0, 0.0, 0.0, 363.0, 210.0, 459.0, 263.0, 160.0, 384.0, 0.0, 0.0, 347.0]
15888520.0
30
[258.0, 115.0, 627.0, 0.0, 197.0, 0.0, 0.0, 266.0, 99.0, 0.0, 0.0, 278.0, 138.0, 237.0, 0.0, 332.0, 399.0, 339.0, 0.0, 0.0, 229.0, 0.0, 0.0, 0.0, 0.0, 347.0, 115.0, 312.0, 0.0, 423.0, 384.0, 0.0, 347.0, 0.0]
16915583.0
28
[258.0, 115.0, 364.0, 0.0, 197.0, 0.0, 0.0, 266.0, 99.0, 0.0, 0.0, 278.0, 138.0, 237.0, 0.0, 237.0, 304.0, 320.0, 229.0, 0.0, 0.0, 0.0, 239.0, 0.0, 0.0, 108.0, 259.0, 312.0, 263.0, 160.0, 384.0, 0.0, 347.0, 0.0]
15834277.0
32
[358.0, 0.0, 463.0, 0.0, 411.0, 0.0, 0.0, 266.0, 0.0, 0.0, 0.0, 393.0, 138.0, 0.0, 144.0, 474.0, 275.0, 339.0, 0.0, 0.0, 229.0, 237.0, 203.0, 215.0, 0.0, 0.0, 223.0, 212.0, 263.0, 160.0, 384.0, 0.0, 247.0, 0.0]
