19459526.0
24
[258.0, 115.0, 364.0, 0.0, 197.0, 0.0, 0.0, 266.0, 99.0, 0.0, 0.0, 278.0, 138.0, 237.0, 144.0, 237.0, 160.0, 215.0, 124.0, 0.0, 105.0, 0.0, 95.0, 0.0, 0.0, 108.0, 115.0, 212.0, 263.0, 160.0, 384.0, 0.0, 247.0, 100.0]
16295587.0
29
[258.0, 253.0, 364.0, 0.0, 197.0, 0.0, 0.0, 266.0, 99.0, 0.0, 0.0, 278.0, 0.0, 0.0, 381.0, 0.0, 397.0, 215.0, 124.0, 0.0, 342.0, 0.0, 0.0, 0.0, 0.0, 203.0, 447.0, 212.0, 401.0, 160.0, 384.0, 0.0, 385.0, 100.0]
17685789.0
26
[373.0, 0.0, 364.0, 0.0, 197.0, 0.0, 0.0, 266.0, 99.0, 0.0, 0.0, 278.0, 138.0, 0.0, 381.0, 237.0, 160.0, 215.0, 124.0, 0.0, 342.0, 0.0, 95.0, 0.0, 0.0, 108.0, 115.0, 212.0, 378.0, 160.0, 384.0, 0.0, 247.0, 100.0]
15197946.0
30
[258.0, 253.0, 463.0, 0.0, 296.0, 0.0, 0.0, 266.0, 0.0, 0.0, 0.0, 278.0, 0.0, 237.0, 144.0, 0.0, 397.0, 320.0, 229.0, 0.0, 0.0, 0.0, 203.0, 0.0, 0.0, 0.0, 460.0, 212.0, 401.0, 160.0, 384.0, 0.0, 385.0, 100.0]
15793135.0
30
[418.0, 275.0, 524.0, 0.0, 197.0, 0.0, 0.0, 266.0, 99.0, 0.0, 0.0, 422.0, 138.0, 237.0, 0.0, 0.0, 397.0, 320.0, 373.0, 0.0, 0.0, 0.0, 95.0, 0.0, 0.0, 108.0, 352.0, 459.0, 263.0, 0.0, 384.0, 0.0, 0.0, 347.0]
18458545.0
25
[258.0, 115.0, 364.0, 0.0, 197.0, 0.0, 0.0, 266.0, 99.0, 0.0, 0.0, 278.0, 138.0, 237.0, 144.0, 237.0, 160.0, 215.0, 124.0, 0.0, 105.0, 0.0, 203.0, 0.0, 0.0, 0.0, 223.0, 212.0, 263.0, 160.0, 384.0, 0.0, 247.0, 100.0]
17698539.0
26
[258.0, 115.0, 364.0, 0.0, 197.0, 0.0, 0.0, 365.0, 0.0, 0.0, 0.0, 377.0, 138.0, 237.0, 0.0, 237.0, 304.0, 215.0, 124.0, 0.0, 105.0, 0.0, 95.0, 0.0, 0.0, 252.0, 115.0, 212.0, 263.0, 160.0, 384.0, 0.0, 247.0, 100.0]
16709966.0
28
[258.0, 115.0, 726.0, 0.0, 296.0, 0.0, 0.0, 266.0, 0.0, 0.0, 0.0, 278.0, 138.0, 237.0, 0.0, 237.0, 304.0, 320.0, 229.0, 0.0, 0.0, 0.0, 95.0, 0.0, 0.0, 252.0, 115.0, 212.0, 0.0, 423.0, 384.0, 0.0, 247.0, 100.0]
18090418.0
26
[258.0, 115.0, 364.0, 0.0, 197.0, 0.0, 0.0, 266.0, 99.0, 0.0, 0.0, 0.0, 138.0, 237.0, 422.0, 237.0, 160.0, 215.0, 402.0, 0.0, 105.0, 0.0, 0.0, 0.0, 0.0, 203.0, 210.0, 212.0, 263.0, 160.0, 384.0, 0.0, 247.0, 100.0]
16402691.0
29
[258.0, 115.0, 824.0, 0.0, 0.0, 0.0, 0.0, 266.0, 296.0, 0.0, 0.0, 422.0, 138.0, 345.0, 0.0, 237.0, 268.0, 215.0, 268.0, 0.0, 213.0, 0.0, 95.0, 0.0, 0.0, 0.0, 115.0, 212.0, 0.0, 423.0, 384.0, 0.0, 247.0, 100.0]
16719233.0
27
[258.0, 115.0, 364.0, 0.0, 197.0, 0.0, 0.0, 266.0, 99.0, 0.0, 0.0, 278.0, 138.0, 381.0, 0.0, 397.0, 0.0, 339.0, 0.0, 0.0, 373.0, 0.0, 95.0, 0.0, 0.0, 108.0, 275.0, 212.0, 263.0, 160.0, 384.0, 0.0, 247.0, 100.0]
