17470314.0
26
[373.0, 0.0, 364.0, 0.0, 197.0, 0.0, 0.0, 266.0, 99.0, 0.0, 0.0, 278.0, 138.0, 237.0, 144.0, 237.0, 160.0, 215.0, 124.0, 0.0, 105.0, 0.0, 203.0, 0.0, 0.0, 0.0, 223.0, 212.0, 378.0, 160.0, 384.0, 0.0, 247.0, 100.0]
18517195.0
25
[258.0, 115.0, 364.0, 0.0, 197.0, 0.0, 0.0, 266.0, 99.0, 0.0, 0.0, 278.0, 138.0, 381.0, 0.0, 237.0, 160.0, 215.0, 124.0, 0.0, 249.0, 0.0, 95.0, 0.0, 0.0, 108.0, 115.0, 212.0, 263.0, 160.0, 384.0, 0.0, 247.0, 100.0]
17234446.0
27
[258.0, 115.0, 364.0, 0.0, 197.0, 0.0, 0.0, 365.0, 0.0, 0.0, 0.0, 377.0, 138.0, 237.0, 144.0, 0.0, 397.0, 0.0, 339.0, 0.0, 320.0, 0.0, 95.0, 0.0, 0.0, 108.0, 352.0, 212.0, 263.0, 160.0, 384.0, 0.0, 247.0, 100.0]
19459526.0
24
[258.0, 115.0, 364.0, 0.0, 197.0, 0.0, 0.0, 266.0, 99.0, 0.0, 0.0, 278.0, 138.0, 237.0, 144.0, 237.0, 160.0, 215.0, 124.0, 0.0, 105.0, 0.0, 95.0, 0.0, 0.0, 108.0, 115.0, 212.0, 263.0, 160.0, 384.0, 0.0, 247.0, 100.0]
16892898.0
28
[258.0, 115.0, 364.0, 0.0, 197.0, 0.0, 0.0, 266.0, 99.0, 0.0, 0.0, 278.0, 138.0, 237.0, 252.0, 352.0, 383.0, 215.0, 124.0, 0.0, 0.0, 105.0, 200.0, 0.0, 0.0, 0.0, 0.0, 0.0, 263.0, 160.0, 384.0, 0.0, 459.0, 312.0]
16091245.0
30
[396.0, 115.0, 627.0, 0.0, 197.0, 0.0, 0.0, 365.0, 0.0, 0.0, 0.0, 377.0, 0.0, 237.0, 144.0, 332.0, 255.0, 320.0, 229.0, 0.0, 0.0, 0.0, 0.0, 0.0, 0.0, 203.0, 115.0, 212.0, 0.0, 423.0, 384.0, 0.0, 385.0, 100.0]
18640870.0
25
[258.0, 115.0, 463.0, 0.0, 296.0, 0.0, 0.0, 266.0, 0.0, 0.0, 0.0, 278.0, 138.0, 237.0, 144.0, 237.0, 160.0, 215.0, 124.0, 0.0, 105.0, 0.0, 95.0, 0.0, 0.0, 108.0, 115.0, 212.0, 263.0, 160.0, 384.0, 0.0, 247.0, 100.0]
17562114.0
27
[258.0, 115.0, 364.0, 0.0, 357.0, 0.0, 0.0, 266.0, 259.0, 0.0, 0.0, 278.0, 138.0, 237.0, 144.0, 237.0, 160.0, 215.0, 124.0, 0.0, 105.0, 0.0, 203.0, 0.0, 0.0, 0.0, 223.0, 212.0, 423.0, 0.0, 384.0, 0.0, 247.0, 100.0]
16272877.0
29
[358.0, 115.0, 463.0, 0.0, 296.0, 0.0, 0.0, 266.0, 0.0, 0.0, 0.0, 278.0, 0.0, 237.0, 381.0, 0.0, 160.0, 320.0, 229.0, 0.0, 0.0, 0.0, 332.0, 238.0, 0.0, 108.0, 115.0, 350.0, 263.0, 160.0, 384.0, 0.0, 247.0, 0.0]
17495814.0
28
[396.0, 115.0, 364.0, 0.0, 197.0, 0.0, 0.0, 266.0, 99.0, 0.0, 0.0, 278.0, 0.0, 397.0, 0.0, 381.0, 0.0, 215.0, 124.0, 0.0, 105.0, 160.0, 239.0, 0.0, 0.0, 108.0, 275.0, 212.0, 263.0, 160.0, 384.0, 0.0, 385.0, 100.0]
17588889.0
26
[258.0, 115.0, 364.0, 0.0, 197.0, 0.0, 0.0, 266.0, 99.0, 0.0, 0.0, 278.0, 138.0, 381.0, 0.0, 397.0, 0.0, 215.0, 124.0, 0.0, 249.0, 0.0, 95.0, 0.0, 0.0, 108.0, 275.0, 212.0, 263.0, 160.0, 384.0, 0.0, 247.0, 100.0]
