15720460.0
31
[258.0, 362.0, 824.0, 0.0, 0.0, 0.0, 0.0, 266.0, 296.0, 0.0, 0.0, 278.0, 385.0, 0.0, 381.0, 0.0, 397.0, 215.0, 124.0, 0.0, 342.0, 0.0, 203.0, 0.0, 0.0, 0.0, 460.0, 212.0, 247.0, 423.0, 384.0, 0.0, 0.0, 100.0]
19459526.0
24
[258.0, 115.0, 364.0, 0.0, 197.0, 0.0, 0.0, 266.0, 99.0, 0.0, 0.0, 278.0, 138.0, 237.0, 144.0, 237.0, 160.0, 215.0, 124.0, 0.0, 105.0, 0.0, 95.0, 0.0, 0.0, 108.0, 115.0, 212.0, 263.0, 160.0, 384.0, 0.0, 247.0, 100.0]
18458545.0
25
[258.0, 115.0, 364.0, 0.0, 197.0, 0.0, 0.0, 266.0, 99.0, 0.0, 0.0, 278.0, 138.0, 237.0, 252.0, 237.0, 268.0, 215.0, 124.0, 0.0, 105.0, 0.0, 95.0, 0.0, 0.0, 0.0, 115.0, 212.0, 263.0, 160.0, 384.0, 0.0, 247.0, 100.0]
17653914.0
26
[373.0, 0.0, 364.0, 0.0, 197.0, 0.0, 0.0, 266.0, 99.0, 0.0, 0.0, 278.0, 138.0, 237.0, 144.0, 0.0, 397.0, 215.0, 124.0, 0.0, 105.0, 0.0, 95.0, 0.0, 0.0, 108.0, 352.0, 212.0, 378.0, 160.0, 384.0, 0.0, 247.0, 100.0]
16651658.0
30
[258.0, 115.0, 364.0, 0.0, 197.0, 0.0, 0.0, 266.0, 99.0, 0.0, 0.0, 278.0, 138.0, 397.0, 249.0, 342.0, 0.0, 215.0, 124.0, 0.0, 0.0, 265.0, 203.0, 0.0, 0.0, 0.0, 383.0, 459.0, 263.0, 160.0, 384.0, 0.0, 0.0, 347.0]
17671764.0
26
[258.0, 115.0, 364.0, 0.0, 197.0, 0.0, 0.0, 266.0, 99.0, 0.0, 0.0, 278.0, 138.0, 381.0, 0.0, 352.0, 275.0, 215.0, 124.0, 0.0, 249.0, 0.0, 95.0, 0.0, 0.0, 108.0, 0.0, 212.0, 263.0, 160.0, 384.0, 0.0, 247.0, 100.0]
16784258.0
27
[373.0, 0.0, 364.0, 0.0, 197.0, 0.0, 0.0, 266.0, 99.0, 0.0, 0.0, 402.0, 138.0, 237.0, 268.0, 0.0, 397.0, 215.0, 0.0, 0.0, 105.0, 0.0, 95.0, 0.0, 0.0, 108.0, 352.0, 212.0, 378.0, 160.0, 384.0, 0.0, 247.0, 100.0]
17516214.0
27
[258.0, 115.0, 364.0, 0.0, 197.0, 0.0, 0.0, 266.0, 99.0, 0.0, 0.0, 422.0, 138.0, 345.0, 0.0, 237.0, 268.0, 215.0, 268.0, 0.0, 213.0, 0.0, 95.0, 0.0, 0.0, 0.0, 115.0, 212.0, 263.0, 160.0, 384.0, 0.0, 247.0, 100.0]
16726541.0
28
[258.0, 115.0, 627.0, 0.0, 197.0, 0.0, 0.0, 266.0, 99.0, 0.0, 0.0, 402.0, 138.0, 342.0, 373.0, 237.0, 160.0, 215.0, 0.0, 0.0, 0.0, 0.0, 95.0, 0.0, 0.0, 108.0, 115.0, 459.0, 0.0, 423.0, 384.0, 0.0, 0.0, 347.0]
17749539.0
26
[258.0, 115.0, 364.0, 0.0, 197.0, 0.0, 0.0, 266.0, 99.0, 0.0, 0.0, 278.0, 138.0, 237.0, 0.0, 237.0, 304.0, 320.0, 229.0, 0.0, 0.0, 0.0, 95.0, 0.0, 0.0, 252.0, 115.0, 212.0, 263.0, 160.0, 384.0, 0.0, 247.0, 100.0]
