19459526.0
24
[258.0, 115.0, 364.0, 0.0, 197.0, 0.0, 0.0, 266.0, 99.0, 0.0, 0.0, 278.0, 138.0, 237.0, 144.0, 237.0, 160.0, 215.0, 124.0, 0.0, 105.0, 0.0, 95.0, 0.0, 0.0, 108.0, 115.0, 212.0, 263.0, 160.0, 384.0, 0.0, 247.0, 100.0]
18458545.0
25
[258.0, 115.0, 364.0, 0.0, 197.0, 0.0, 0.0, 266.0, 99.0, 0.0, 0.0, 278.0, 138.0, 237.0, 252.0, 237.0, 268.0, 215.0, 124.0, 0.0, 105.0, 0.0, 95.0, 0.0, 0.0, 0.0, 115.0, 212.0, 263.0, 160.0, 384.0, 0.0, 247.0, 100.0]
18471295.0
25
[373.0, 0.0, 364.0, 0.0, 197.0, 0.0, 0.0, 266.0, 99.0, 0.0, 0.0, 278.0, 138.0, 237.0, 144.0, 237.0, 160.0, 215.0, 124.0, 0.0, 105.0, 0.0, 95.0, 0.0, 0.0, 108.0, 115.0, 212.0, 378.0, 160.0, 384.0, 0.0, 247.0, 100.0]
18517195.0
25
[258.0, 115.0, 364.0, 0.0, 197.0, 0.0, 0.0, 266.0, 99.0, 0.0, 0.0, 278.0, 138.0, 237.0, 0.0, 381.0, 160.0, 215.0, 124.0, 0.0, 105.0, 0.0, 239.0, 0.0, 0.0, 108.0, 115.0, 212.0, 263.0, 160.0, 384.0, 0.0, 247.0, 100.0]
17516214.0
26
[258.0, 115.0, 364.0, 0.0, 197.0, 0.0, 0.0, 266.0, 99.0, 0.0, 0.0, 278.0, 138.0, 381.0, 0.0, 237.0, 160.0, 215.0, 124.0, 0.0, 249.0, 0.0, 203.0, 0.0, 0.0, 0.0, 223.0, 212.0, 263.0, 160.0, 384.0, 0.0, 247.0, 100.0]
15113215.0
29
[373.0, 0.0, 364.0, 0.0, 197.0, 0.0, 0.0, 266.0, 99.0, 0.0, 0.0, 0.0, 138.0, 237.0, 422.0, 0.0, 397.0, 215.0, 402.0, 0.0, 105.0, 0.0, 203.0, 0.0, 0.0, 0.0, 460.0, 459.0, 378.0, 160.0, 384.0, 0.0, 0.0, 347.0]
16654208.0
27
[373.0, 0.0, 364.0, 0.0, 197.0, 0.0, 0.0, 266.0, 99.0, 0.0, 0.0, 278.0, 138.0, 237.0, 0.0, 381.0, 160.0, 215.0, 124.0, 0.0, 105.0, 0.0, 239.0, 0.0, 0.0, 108.0, 115.0, 459.0, 378.0, 160.0, 384.0, 0.0, 0.0, 347.0]
14907246.0
30
[396.0, 115.0, 364.0, 0.0, 357.0, 0.0, 0.0, 266.0, 259.0, 0.0, 0.0, 402.0, 0.0, 237.0, 268.0, 397.0, 0.0, 215.0, 0.0, 0.0, 105.0, 0.0, 203.0, 0.0, 0.0, 0.0, 383.0, 212.0, 423.0, 0.0, 384.0, 0.0, 385.0, 100.0]
18531220.0
25
[258.0, 115.0, 364.0, 0.0, 197.0, 0.0, 0.0, 266.0, 99.0, 0.0, 0.0, 278.0, 138.0, 237.0, 144.0, 397.0, 0.0, 215.0, 124.0, 0.0, 105.0, 0.0, 95.0, 0.0, 0.0, 108.0, 275.0, 212.0, 263.0, 160.0, 384.0, 0.0, 247.0, 100.0]
15782002.0
28
[373.0, 0.0, 364.0, 0.0, 197.0, 0.0, 0.0, 365.0, 0.0, 0.0, 0.0, 377.0, 138.0, 381.0, 0.0, 397.0, 0.0, 215.0, 124.0, 0.0, 249.0, 0.0, 95.0, 0.0, 0.0, 108.0, 275.0, 212.0, 378.0, 160.0, 384.0, 0.0, 247.0, 100.0]
15064071.0
32
[396.0, 115.0, 463.0, 0.0, 296.0, 0.0, 0.0, 266.0, 0.0, 0.0, 0.0, 393.0, 0.0, 345.0, 381.0, 0.0, 383.0, 339.0, 0.0, 115.0, 337.0, 0.0, 332.0, 0.0, 0.0, 0.0, 0.0, 212.0, 263.0, 160.0, 384.0, 0.0, 385.0, 100.0]
18584770.0
25
[258.0, 115.0, 364.0, 0.0, 197.0, 0.0, 0.0, 266.0, 99.0, 0.0, 0.0, 278.0, 138.0, 237.0, 144.0, 237.0, 160.0, 215.0, 124.0, 0.0, 105.0, 0.0, 95.0, 0.0, 0.0, 108.0, 115.0, 459.0, 263.0, 160.0, 384.0, 0.0, 0.0, 347.0]
16697558.0
27
[258.0, 115.0, 463.0, 0.0, 296.0, 0.0, 0.0, 266.0, 0.0, 0.0, 0.0, 278.0, 138.0, 381.0, 0.0, 237.0, 160.0, 215.0, 124.0, 0.0, 249.0, 0.0, 203.0, 0.0, 0.0, 0.0, 223.0, 212.0, 263.0, 160.0, 384.0, 0.0, 247.0, 100.0]
16006162.0
28
[373.0, 0.0, 463.0, 0.0, 296.0, 0.0, 0.0, 266.0, 0.0, 0.0, 0.0, 278.0, 138.0, 381.0, 0.0, 237.0, 160.0, 215.0, 124.0, 0.0, 249.0, 0.0, 0.0, 0.0, 0.0, 203.0, 210.0, 212.0, 378.0, 160.0, 384.0, 0.0, 247.0, 100.0]
15115071.0
31
[258.0, 115.0, 364.0, 0.0, 357.0, 0.0, 0.0, 266.0, 259.0, 0.0, 0.0, 386.0, 138.0, 342.0, 249.0, 352.0, 383.0, 215.0, 232.0, 0.0, 0.0, 0.0, 95.0, 0.0, 0.0, 0.0, 0.0, 312.0, 423.0, 0.0, 384.0, 0.0, 347.0, 0.0]
15353256.0
31
[258.0, 115.0, 364.0, 0.0, 357.0, 0.0, 0.0, 266.0, 259.0, 0.0, 0.0, 278.0, 138.0, 0.0, 381.0, 447.0, 370.0, 215.0, 124.0, 0.0, 342.0, 0.0, 0.0, 0.0, 0.0, 203.0, 0.0, 459.0, 423.0, 0.0, 384.0, 0.0, 0.0, 347.0]
15649402.0
30
[373.0, 0.0, 364.0, 0.0, 197.0, 0.0, 0.0, 266.0, 99.0, 0.0, 0.0, 386.0, 138.0, 237.0, 0.0, 381.0, 268.0, 215.0, 232.0, 0.0, 0.0, 105.0, 344.0, 0.0, 0.0, 0.0, 115.0, 459.0, 378.0, 160.0, 384.0, 0.0, 0.0, 347.0]
15782002.0
29
[373.0, 0.0, 364.0, 0.0, 197.0, 0.0, 0.0, 365.0, 0.0, 0.0, 0.0, 377.0, 138.0, 345.0, 144.0, 237.0, 268.0, 339.0, 0.0, 0.0, 337.0, 0.0, 95.0, 0.0, 0.0, 0.0, 115.0, 212.0, 378.0, 160.0, 384.0, 0.0, 247.0, 100.0]
17528964.0
26
[373.0, 0.0, 364.0, 0.0, 197.0, 0.0, 0.0, 266.0, 99.0, 0.0, 0.0, 278.0, 138.0, 381.0, 0.0, 237.0, 160.0, 215.0, 124.0, 0.0, 249.0, 0.0, 95.0, 0.0, 0.0, 108.0, 115.0, 212.0, 378.0, 160.0, 384.0, 0.0, 247.0, 100.0]
15660535.0
30
[418.0, 275.0, 623.0, 0.0, 296.0, 0.0, 0.0, 266.0, 0.0, 0.0, 0.0, 278.0, 138.0, 237.0, 252.0, 352.0, 383.0, 339.0, 0.0, 0.0, 229.0, 0.0, 95.0, 0.0, 0.0, 0.0, 0.0, 212.0, 263.0, 0.0, 384.0, 0.0, 247.0, 100.0]
15845752.0
31
[373.0, 0.0, 364.0, 0.0, 197.0, 0.0, 0.0, 365.0, 0.0, 0.0, 0.0, 377.0, 138.0, 0.0, 144.0, 474.0, 160.0, 215.0, 232.0, 108.0, 342.0, 0.0, 332.0, 0.0, 0.0, 0.0, 223.0, 312.0, 378.0, 160.0, 384.0, 0.0, 347.0, 0.0]
16744733.0
27
[258.0, 115.0, 364.0, 0.0, 197.0, 0.0, 0.0, 266.0, 99.0, 0.0, 0.0, 278.0, 138.0, 0.0, 381.0, 397.0, 0.0, 215.0, 124.0, 0.0, 342.0, 0.0, 203.0, 0.0, 0.0, 0.0, 383.0, 212.0, 263.0, 160.0, 384.0, 0.0, 247.0, 100.0]
15887245.0
29
[396.0, 115.0, 524.0, 0.0, 197.0, 0.0, 0.0, 365.0, 0.0, 0.0, 0.0, 377.0, 0.0, 237.0, 144.0, 397.0, 0.0, 215.0, 124.0, 0.0, 105.0, 0.0, 0.0, 0.0, 0.0, 203.0, 370.0, 212.0, 423.0, 0.0, 384.0, 0.0, 385.0, 100.0]
16771508.0
27
[258.0, 115.0, 364.0, 0.0, 197.0, 0.0, 0.0, 266.0, 99.0, 0.0, 0.0, 278.0, 138.0, 237.0, 381.0, 0.0, 160.0, 339.0, 0.0, 0.0, 229.0, 0.0, 440.0, 0.0, 0.0, 0.0, 223.0, 212.0, 263.0, 160.0, 384.0, 0.0, 247.0, 100.0]
16067602.0
28
[373.0, 0.0, 364.0, 0.0, 197.0, 0.0, 0.0, 365.0, 0.0, 0.0, 0.0, 377.0, 138.0, 342.0, 249.0, 0.0, 397.0, 215.0, 124.0, 0.0, 0.0, 0.0, 95.0, 0.0, 0.0, 108.0, 352.0, 212.0, 378.0, 160.0, 384.0, 0.0, 247.0, 100.0]
17583789.0
26
[258.0, 115.0, 364.0, 0.0, 197.0, 0.0, 0.0, 266.0, 99.0, 0.0, 0.0, 278.0, 138.0, 237.0, 252.0, 237.0, 268.0, 215.0, 124.0, 0.0, 105.0, 0.0, 95.0, 0.0, 0.0, 0.0, 115.0, 459.0, 263.0, 160.0, 384.0, 0.0, 0.0, 347.0]
16277737.0
28
[258.0, 115.0, 364.0, 0.0, 197.0, 0.0, 0.0, 266.0, 99.0, 0.0, 0.0, 278.0, 138.0, 0.0, 381.0, 0.0, 397.0, 215.0, 124.0, 0.0, 342.0, 0.0, 0.0, 0.0, 0.0, 203.0, 447.0, 459.0, 263.0, 160.0, 384.0, 0.0, 0.0, 347.0]
17647539.0
26
[258.0, 115.0, 364.0, 0.0, 197.0, 0.0, 0.0, 266.0, 99.0, 0.0, 0.0, 278.0, 138.0, 381.0, 0.0, 237.0, 160.0, 339.0, 0.0, 0.0, 373.0, 0.0, 95.0, 0.0, 0.0, 108.0, 115.0, 212.0, 263.0, 160.0, 384.0, 0.0, 247.0, 100.0]
16505033.0
30
[258.0, 115.0, 364.0, 0.0, 357.0, 0.0, 0.0, 266.0, 259.0, 0.0, 0.0, 438.0, 138.0, 381.0, 0.0, 237.0, 0.0, 215.0, 124.0, 160.0, 249.0, 0.0, 203.0, 0.0, 0.0, 0.0, 383.0, 212.0, 423.0, 0.0, 384.0, 0.0, 247.0, 100.0]
16641458.0
28
[258.0, 115.0, 364.0, 0.0, 197.0, 0.0, 0.0, 266.0, 99.0, 0.0, 0.0, 422.0, 138.0, 345.0, 0.0, 237.0, 268.0, 215.0, 268.0, 0.0, 213.0, 0.0, 95.0, 0.0, 0.0, 0.0, 115.0, 459.0, 263.0, 160.0, 384.0, 0.0, 0.0, 347.0]
18589870.0
25
[258.0, 115.0, 364.0, 0.0, 197.0, 0.0, 0.0, 266.0, 99.0, 0.0, 0.0, 402.0, 138.0, 237.0, 268.0, 237.0, 160.0, 215.0, 0.0, 0.0, 105.0, 0.0, 95.0, 0.0, 0.0, 108.0, 115.0, 212.0, 263.0, 160.0, 384.0, 0.0, 247.0, 100.0]
15858502.0
31
[258.0, 115.0, 364.0, 0.0, 357.0, 0.0, 0.0, 390.0, 383.0, 0.0, 0.0, 278.0, 138.0, 345.0, 268.0, 237.0, 268.0, 215.0, 0.0, 0.0, 213.0, 0.0, 95.0, 0.0, 0.0, 0.0, 115.0, 312.0, 423.0, 0.0, 384.0, 0.0, 347.0, 0.0]
16572608.0
29
[373.0, 0.0, 364.0, 0.0, 197.0, 0.0, 0.0, 266.0, 99.0, 0.0, 0.0, 278.0, 138.0, 237.0, 0.0, 237.0, 304.0, 215.0, 124.0, 0.0, 220.0, 115.0, 95.0, 0.0, 0.0, 367.0, 0.0, 459.0, 378.0, 160.0, 384.0, 0.0, 0.0, 347.0]
17660289.0
26
[396.0, 115.0, 364.0, 0.0, 197.0, 0.0, 0.0, 266.0, 99.0, 0.0, 0.0, 278.0, 0.0, 381.0, 0.0, 237.0, 160.0, 215.0, 124.0, 0.0, 249.0, 0.0, 95.0, 0.0, 0.0, 108.0, 115.0, 212.0, 263.0, 160.0, 384.0, 0.0, 385.0, 100.0]
16804658.0
27
[396.0, 115.0, 364.0, 0.0, 197.0, 0.0, 0.0, 266.0, 99.0, 0.0, 0.0, 402.0, 0.0, 237.0, 428.0, 237.0, 0.0, 215.0, 0.0, 0.0, 105.0, 0.0, 95.0, 0.0, 0.0, 268.0, 115.0, 212.0, 263.0, 160.0, 384.0, 0.0, 385.0, 100.0]
17178346.0
27
[258.0, 115.0, 364.0, 0.0, 197.0, 0.0, 0.0, 266.0, 99.0, 0.0, 0.0, 278.0, 138.0, 237.0, 144.0, 0.0, 397.0, 0.0, 339.0, 0.0, 320.0, 0.0, 95.0, 0.0, 0.0, 108.0, 352.0, 459.0, 263.0, 160.0, 384.0, 0.0, 0.0, 347.0]
16743458.0
29
[373.0, 0.0, 364.0, 0.0, 197.0, 0.0, 0.0, 266.0, 99.0, 0.0, 0.0, 278.0, 138.0, 0.0, 0.0, 381.0, 397.0, 215.0, 124.0, 0.0, 342.0, 0.0, 476.0, 0.0, 0.0, 108.0, 352.0, 212.0, 378.0, 160.0, 384.0, 0.0, 247.0, 100.0]
17671764.0
26
[258.0, 115.0, 364.0, 0.0, 197.0, 0.0, 0.0, 266.0, 99.0, 0.0, 0.0, 278.0, 138.0, 237.0, 0.0, 237.0, 304.0, 215.0, 124.0, 0.0, 105.0, 0.0, 210.0, 0.0, 0.0, 367.0, 0.0, 212.0, 263.0, 160.0, 384.0, 0.0, 247.0, 100.0]
