18674020.0
24
[258.0, 115.0, 364.0, -237.0, -40.0, 0.0, 0.0, 266.0, 99.0, 0.0, 0.0, 278.0, 138.0, 0.0, 144.0, 237.0, 160.0, -22.0, 124.0, 0.0, 105.0, 0.0, 95.0, 0.0, 0.0, 108.0, 115.0, 212.0, 263.0, 160.0, 384.0, 0.0, 247.0, 100.0]
17731689.0
25
[258.0, 115.0, 364.0, -237.0, -40.0, 0.0, 0.0, 266.0, 99.0, 0.0, 0.0, 422.0, 138.0, 0.0, 0.0, 237.0, 160.0, -22.0, 268.0, 0.0, 105.0, 0.0, 95.0, 0.0, 0.0, 108.0, 115.0, 212.0, 263.0, 160.0, 384.0, 0.0, 247.0, 100.0]
16327462.0
27
[258.0, 115.0, 364.0, -237.0, -40.0, 0.0, 0.0, 266.0, 99.0, 0.0, 0.0, 278.0, 138.0, 0.0, 144.0, 237.0, 160.0, 83.0, 229.0, 0.0, 0.0, 0.0, 0.0, 0.0, 0.0, 203.0, 210.0, 459.0, 263.0, 160.0, 384.0, 0.0, 0.0, 347.0]
16759691.0
29
[258.0, 115.0, 726.0, -237.0, 59.0, 0.0, 0.0, 266.0, 0.0, 0.0, 0.0, 278.0, 138.0, 0.0, 144.0, 237.0, 160.0, -22.0, 124.0, 0.0, 105.0, 0.0, 95.0, 0.0, 0.0, 108.0, 115.0, 459.0, 0.0, 423.0, 384.0, 0.0, 0.0, 347.0]
16971683.0
26
[396.0, 115.0, 364.0, -237.0, -40.0, 0.0, 0.0, 266.0, 99.0, 0.0, 0.0, 278.0, 0.0, 0.0, 144.0, 352.0, 275.0, -22.0, 124.0, 0.0, 105.0, 0.0, 95.0, 0.0, 0.0, 108.0, 0.0, 212.0, 263.0, 160.0, 384.0, 0.0, 385.0, 100.0]
16798283.0
27
[258.0, 115.0, 364.0, -237.0, -40.0, 0.0, 0.0, 266.0, 99.0, 0.0, 0.0, 386.0, 138.0, 0.0, 144.0, 237.0, 268.0, -22.0, 232.0, 0.0, 105.0, 0.0, 95.0, 0.0, 0.0, 0.0, 115.0, 459.0, 263.0, 160.0, 384.0, 0.0, 0.0, 347.0]
16980608.0
26
[258.0, 115.0, 364.0, -237.0, -40.0, 0.0, 0.0, 365.0, 0.0, 0.0, 0.0, 377.0, 138.0, 0.0, 144.0, 237.0, 160.0, -22.0, 124.0, 0.0, 105.0, 0.0, 95.0, 0.0, 0.0, 108.0, 115.0, 459.0, 263.0, 160.0, 384.0, 0.0, 0.0, 347.0]
16793183.0
28
[396.0, 115.0, 364.0, -237.0, -40.0, 0.0, 0.0, 266.0, 99.0, 0.0, 0.0, 422.0, 0.0, 0.0, 0.0, 237.0, 160.0, -22.0, 268.0, 0.0, 220.0, 115.0, 95.0, 0.0, 0.0, 223.0, 0.0, 212.0, 263.0, 160.0, 384.0, 0.0, 385.0, 100.0]
17804364.0
25
[258.0, 115.0, 364.0, -237.0, -40.0, 0.0, 0.0, 266.0, 99.0, 0.0, 0.0, 402.0, 138.0, 0.0, 268.0, 237.0, 160.0, -22.0, 0.0, 0.0, 105.0, 0.0, 95.0, 0.0, 0.0, 108.0, 115.0, 212.0, 263.0, 160.0, 384.0, 0.0, 247.0, 100.0]
