19459526.0
24
[258.0, 115.0, 364.0, 0.0, 197.0, 0.0, 0.0, 266.0, 99.0, 0.0, 0.0, 278.0, 138.0, 237.0, 144.0, 237.0, 160.0, 215.0, 124.0, 0.0, 105.0, 0.0, 95.0, 0.0, 0.0, 108.0, 115.0, 212.0, 263.0, 160.0, 384.0, 0.0, 247.0, 100.0]
18458545.0
25
[258.0, 115.0, 364.0, 0.0, 197.0, 0.0, 0.0, 266.0, 99.0, 0.0, 0.0, 278.0, 138.0, 237.0, 144.0, 237.0, 160.0, 215.0, 124.0, 0.0, 105.0, 0.0, 203.0, 0.0, 0.0, 0.0, 223.0, 212.0, 263.0, 160.0, 384.0, 0.0, 247.0, 100.0]
18471295.0
25
[373.0, 0.0, 364.0, 0.0, 197.0, 0.0, 0.0, 266.0, 99.0, 0.0, 0.0, 278.0, 138.0, 237.0, 144.0, 237.0, 160.0, 215.0, 124.0, 0.0, 105.0, 0.0, 95.0, 0.0, 0.0, 108.0, 115.0, 212.0, 378.0, 160.0, 384.0, 0.0, 247.0, 100.0]
18517195.0
25
[258.0, 115.0, 364.0, 0.0, 197.0, 0.0, 0.0, 266.0, 99.0, 0.0, 0.0, 278.0, 138.0, 237.0, 0.0, 237.0, 304.0, 215.0, 124.0, 0.0, 105.0, 0.0, 95.0, 0.0, 0.0, 252.0, 115.0, 212.0, 263.0, 160.0, 384.0, 0.0, 247.0, 100.0]
18531220.0
25
[258.0, 115.0, 364.0, 0.0, 197.0, 0.0, 0.0, 266.0, 99.0, 0.0, 0.0, 278.0, 138.0, 237.0, 144.0, 397.0, 0.0, 215.0, 124.0, 0.0, 105.0, 0.0, 95.0, 0.0, 0.0, 108.0, 275.0, 212.0, 263.0, 160.0, 384.0, 0.0, 247.0, 100.0]
17470314.0
26
[373.0, 0.0, 364.0, 0.0, 197.0, 0.0, 0.0, 266.0, 99.0, 0.0, 0.0, 278.0, 138.0, 237.0, 144.0, 237.0, 160.0, 215.0, 124.0, 0.0, 105.0, 0.0, 203.0, 0.0, 0.0, 0.0, 223.0, 212.0, 378.0, 160.0, 384.0, 0.0, 247.0, 100.0]
18584770.0
25
[258.0, 115.0, 364.0, 0.0, 197.0, 0.0, 0.0, 266.0, 99.0, 0.0, 0.0, 278.0, 138.0, 237.0, 144.0, 237.0, 160.0, 215.0, 124.0, 0.0, 105.0, 0.0, 95.0, 0.0, 0.0, 108.0, 115.0, 459.0, 263.0, 160.0, 384.0, 0.0, 0.0, 347.0]
18589870.0
25
[258.0, 115.0, 364.0, 0.0, 197.0, 0.0, 0.0, 266.0, 99.0, 0.0, 0.0, 402.0, 138.0, 237.0, 268.0, 237.0, 160.0, 215.0, 0.0, 0.0, 105.0, 0.0, 95.0, 0.0, 0.0, 108.0, 115.0, 212.0, 263.0, 160.0, 384.0, 0.0, 247.0, 100.0]
17516214.0
26
[258.0, 115.0, 364.0, 0.0, 197.0, 0.0, 0.0, 266.0, 99.0, 0.0, 0.0, 422.0, 138.0, 237.0, 0.0, 237.0, 160.0, 215.0, 268.0, 0.0, 105.0, 0.0, 203.0, 0.0, 0.0, 0.0, 223.0, 212.0, 263.0, 160.0, 384.0, 0.0, 247.0, 100.0]
18602620.0
25
[396.0, 115.0, 364.0, 0.0, 197.0, 0.0, 0.0, 266.0, 99.0, 0.0, 0.0, 278.0, 0.0, 237.0, 144.0, 237.0, 160.0, 215.0, 124.0, 0.0, 105.0, 0.0, 95.0, 0.0, 0.0, 108.0, 115.0, 212.0, 263.0, 160.0, 384.0, 0.0, 385.0, 100.0]
18614095.0
25
[258.0, 115.0, 364.0, 0.0, 197.0, 0.0, 0.0, 266.0, 99.0, 0.0, 0.0, 278.0, 138.0, 237.0, 144.0, 237.0, 160.0, 215.0, 124.0, 0.0, 105.0, 0.0, 210.0, 0.0, 0.0, 223.0, 0.0, 212.0, 263.0, 160.0, 384.0, 0.0, 247.0, 100.0]
15822802.0
28
[258.0, 115.0, 463.0, 0.0, 296.0, 0.0, 0.0, 266.0, 0.0, 0.0, 0.0, 278.0, 138.0, 381.0, 0.0, 237.0, 160.0, 215.0, 124.0, 0.0, 249.0, 0.0, 203.0, 0.0, 0.0, 0.0, 223.0, 459.0, 263.0, 160.0, 384.0, 0.0, 0.0, 347.0]
18625570.0
25
[258.0, 115.0, 364.0, 0.0, 197.0, 0.0, 0.0, 266.0, 99.0, 0.0, 0.0, 278.0, 138.0, 237.0, 144.0, 237.0, 160.0, 215.0, 124.0, 0.0, 105.0, 0.0, 95.0, 0.0, 0.0, 108.0, 115.0, 312.0, 263.0, 160.0, 384.0, 0.0, 347.0, 0.0]
18640870.0
25
[258.0, 115.0, 364.0, 0.0, 197.0, 0.0, 0.0, 365.0, 0.0, 0.0, 0.0, 377.0, 138.0, 237.0, 144.0, 237.0, 160.0, 215.0, 124.0, 0.0, 105.0, 0.0, 95.0, 0.0, 0.0, 108.0, 115.0, 212.0, 263.0, 160.0, 384.0, 0.0, 247.0, 100.0]
18642145.0
25
[258.0, 115.0, 364.0, 0.0, 197.0, 0.0, 0.0, 266.0, 99.0, 0.0, 0.0, 278.0, 138.0, 237.0, 381.0, 0.0, 160.0, 215.0, 124.0, 0.0, 105.0, 0.0, 332.0, 0.0, 0.0, 108.0, 115.0, 212.0, 263.0, 160.0, 384.0, 0.0, 247.0, 100.0]
15896752.0
28
[258.0, 115.0, 364.0, 0.0, 197.0, 0.0, 0.0, 266.0, 99.0, 0.0, 0.0, 278.0, 138.0, 237.0, 144.0, 0.0, 397.0, 339.0, 0.0, 0.0, 229.0, 0.0, 203.0, 0.0, 0.0, 0.0, 460.0, 459.0, 263.0, 160.0, 384.0, 0.0, 0.0, 347.0]
17528964.0
26
[373.0, 0.0, 364.0, 0.0, 197.0, 0.0, 0.0, 266.0, 99.0, 0.0, 0.0, 278.0, 138.0, 237.0, 0.0, 381.0, 160.0, 215.0, 124.0, 0.0, 105.0, 0.0, 239.0, 0.0, 0.0, 108.0, 115.0, 212.0, 378.0, 160.0, 384.0, 0.0, 247.0, 100.0]
15233646.0
30
[396.0, 115.0, 364.0, 0.0, 357.0, 0.0, 0.0, 266.0, 259.0, 0.0, 0.0, 278.0, 0.0, 0.0, 381.0, 0.0, 397.0, 339.0, 0.0, 0.0, 466.0, 0.0, 95.0, 0.0, 0.0, 108.0, 352.0, 212.0, 423.0, 0.0, 384.0, 0.0, 385.0, 100.0]
18674020.0
25
[258.0, 115.0, 364.0, 0.0, 197.0, 0.0, 0.0, 266.0, 99.0, 0.0, 0.0, 278.0, 138.0, 0.0, 381.0, 237.0, 160.0, 215.0, 124.0, 0.0, 342.0, 0.0, 95.0, 0.0, 0.0, 108.0, 115.0, 212.0, 263.0, 160.0, 384.0, 0.0, 247.0, 100.0]
15265521.0
30
[258.0, 115.0, 364.0, 0.0, 197.0, 0.0, 0.0, 365.0, 0.0, 0.0, 0.0, 377.0, 138.0, 0.0, 144.0, 237.0, 397.0, 339.0, 0.0, 0.0, 466.0, 0.0, 210.0, 0.0, 0.0, 460.0, 0.0, 459.0, 263.0, 160.0, 384.0, 0.0, 0.0, 347.0]
18691870.0
25
[258.0, 115.0, 364.0, 0.0, 197.0, 0.0, 0.0, 266.0, 99.0, 0.0, 0.0, 278.0, 138.0, 237.0, 144.0, 237.0, 160.0, 320.0, 229.0, 0.0, 0.0, 0.0, 95.0, 0.0, 0.0, 108.0, 115.0, 212.0, 263.0, 160.0, 384.0, 0.0, 247.0, 100.0]
15094089.0
31
[258.0, 115.0, 627.0, 0.0, 197.0, 0.0, 0.0, 365.0, 0.0, 0.0, 0.0, 377.0, 138.0, 381.0, 0.0, 447.0, 370.0, 215.0, 124.0, 0.0, 249.0, 0.0, 0.0, 0.0, 0.0, 203.0, 0.0, 312.0, 0.0, 423.0, 384.0, 0.0, 347.0, 0.0]
14918379.0
32
[418.0, 275.0, 623.0, 0.0, 296.0, 0.0, 0.0, 266.0, 0.0, 0.0, 0.0, 278.0, 138.0, 0.0, 304.0, 474.0, 0.0, 339.0, 0.0, 0.0, 466.0, 0.0, 332.0, 0.0, 0.0, 268.0, 115.0, 459.0, 263.0, 0.0, 384.0, 0.0, 0.0, 347.0]
17530239.0
26
[258.0, 115.0, 364.0, 0.0, 197.0, 0.0, 0.0, 266.0, 99.0, 0.0, 0.0, 278.0, 138.0, 237.0, 144.0, 397.0, 0.0, 215.0, 124.0, 0.0, 105.0, 0.0, 203.0, 0.0, 0.0, 0.0, 383.0, 212.0, 263.0, 160.0, 384.0, 0.0, 247.0, 100.0]
17542989.0
26
[373.0, 0.0, 364.0, 0.0, 197.0, 0.0, 0.0, 266.0, 99.0, 0.0, 0.0, 278.0, 138.0, 237.0, 144.0, 397.0, 0.0, 215.0, 124.0, 0.0, 105.0, 0.0, 95.0, 0.0, 0.0, 108.0, 275.0, 212.0, 378.0, 160.0, 384.0, 0.0, 247.0, 100.0]
17583789.0
26
[258.0, 115.0, 364.0, 0.0, 197.0, 0.0, 0.0, 266.0, 99.0, 0.0, 0.0, 278.0, 138.0, 237.0, 252.0, 237.0, 268.0, 215.0, 124.0, 0.0, 105.0, 0.0, 95.0, 0.0, 0.0, 0.0, 115.0, 459.0, 263.0, 160.0, 384.0, 0.0, 0.0, 347.0]
17588889.0
26
[258.0, 115.0, 364.0, 0.0, 197.0, 0.0, 0.0, 266.0, 99.0, 0.0, 0.0, 278.0, 138.0, 237.0, 252.0, 237.0, 268.0, 339.0, 0.0, 0.0, 229.0, 0.0, 95.0, 0.0, 0.0, 0.0, 115.0, 212.0, 263.0, 160.0, 384.0, 0.0, 247.0, 100.0]
17596539.0
26
[373.0, 0.0, 364.0, 0.0, 197.0, 0.0, 0.0, 266.0, 99.0, 0.0, 0.0, 278.0, 138.0, 237.0, 144.0, 237.0, 160.0, 215.0, 124.0, 0.0, 105.0, 0.0, 95.0, 0.0, 0.0, 108.0, 115.0, 459.0, 378.0, 160.0, 384.0, 0.0, 0.0, 347.0]
18755380.0
25
[258.0, 115.0, 364.0, 0.0, 197.0, 0.0, 0.0, 266.0, 99.0, 0.0, 0.0, 278.0, 138.0, 237.0, 239.0, 332.0, 160.0, 215.0, 124.0, 0.0, 105.0, 0.0, 0.0, 0.0, 0.0, 108.0, 115.0, 212.0, 263.0, 160.0, 384.0, 0.0, 247.0, 100.0]
16587908.0
27
[258.0, 115.0, 364.0, 0.0, 197.0, 0.0, 0.0, 266.0, 99.0, 0.0, 0.0, 278.0, 138.0, 381.0, 0.0, 397.0, 0.0, 215.0, 124.0, 0.0, 249.0, 0.0, 203.0, 0.0, 0.0, 0.0, 383.0, 212.0, 263.0, 160.0, 384.0, 0.0, 247.0, 100.0]
17601639.0
26
[396.0, 115.0, 364.0, 0.0, 197.0, 0.0, 0.0, 266.0, 99.0, 0.0, 0.0, 278.0, 0.0, 237.0, 252.0, 237.0, 268.0, 215.0, 124.0, 0.0, 105.0, 0.0, 95.0, 0.0, 0.0, 0.0, 115.0, 212.0, 263.0, 160.0, 384.0, 0.0, 385.0, 100.0]
15269106.0
30
[258.0, 253.0, 364.0, 0.0, 197.0, 0.0, 0.0, 266.0, 99.0, 0.0, 0.0, 278.0, 0.0, 381.0, 0.0, 0.0, 397.0, 339.0, 0.0, 0.0, 373.0, 0.0, 0.0, 0.0, 0.0, 203.0, 447.0, 212.0, 401.0, 160.0, 384.0, 0.0, 385.0, 100.0]
16641458.0
27
[258.0, 115.0, 364.0, 0.0, 197.0, 0.0, 0.0, 266.0, 99.0, 0.0, 0.0, 278.0, 138.0, 237.0, 0.0, 381.0, 160.0, 215.0, 124.0, 0.0, 105.0, 0.0, 347.0, 0.0, 0.0, 0.0, 223.0, 459.0, 263.0, 160.0, 384.0, 0.0, 0.0, 347.0]
15927352.0
28
[258.0, 115.0, 364.0, 0.0, 197.0, 0.0, 0.0, 266.0, 99.0, 0.0, 0.0, 278.0, 138.0, 237.0, 0.0, 381.0, 160.0, 339.0, 0.0, 0.0, 229.0, 0.0, 354.0, 0.0, 0.0, 223.0, 0.0, 459.0, 263.0, 160.0, 384.0, 0.0, 0.0, 347.0]
17613114.0
26
[258.0, 115.0, 364.0, 0.0, 197.0, 0.0, 0.0, 266.0, 99.0, 0.0, 0.0, 278.0, 138.0, 237.0, 252.0, 352.0, 383.0, 215.0, 124.0, 0.0, 105.0, 0.0, 95.0, 0.0, 0.0, 0.0, 0.0, 212.0, 263.0, 160.0, 384.0, 0.0, 247.0, 100.0]
16039312.0
28
[258.0, 115.0, 364.0, 0.0, 197.0, 0.0, 0.0, 266.0, 99.0, 0.0, 0.0, 402.0, 138.0, 237.0, 471.0, 447.0, 383.0, 215.0, 0.0, 0.0, 105.0, 0.0, 0.0, 0.0, 0.0, 0.0, 0.0, 212.0, 263.0, 160.0, 384.0, 0.0, 247.0, 100.0]
16659308.0
27
[373.0, 0.0, 364.0, 0.0, 197.0, 0.0, 0.0, 266.0, 99.0, 0.0, 0.0, 278.0, 138.0, 237.0, 0.0, 237.0, 304.0, 339.0, 0.0, 0.0, 229.0, 0.0, 95.0, 0.0, 0.0, 252.0, 115.0, 212.0, 378.0, 160.0, 384.0, 0.0, 247.0, 100.0]
15492235.0
29
[258.0, 115.0, 627.0, 0.0, 197.0, 0.0, 0.0, 266.0, 99.0, 0.0, 0.0, 422.0, 138.0, 237.0, 0.0, 397.0, 0.0, 215.0, 268.0, 0.0, 105.0, 0.0, 203.0, 0.0, 0.0, 0.0, 383.0, 459.0, 0.0, 423.0, 384.0, 0.0, 0.0, 347.0]
17641164.0
26
[258.0, 115.0, 364.0, 0.0, 197.0, 0.0, 0.0, 266.0, 99.0, 0.0, 0.0, 278.0, 138.0, 237.0, 144.0, 0.0, 397.0, 215.0, 124.0, 0.0, 105.0, 0.0, 203.0, 0.0, 0.0, 0.0, 460.0, 212.0, 263.0, 160.0, 384.0, 0.0, 247.0, 100.0]
17642439.0
26
[258.0, 115.0, 364.0, 0.0, 197.0, 0.0, 0.0, 266.0, 99.0, 0.0, 0.0, 278.0, 138.0, 237.0, 0.0, 381.0, 160.0, 215.0, 124.0, 0.0, 105.0, 0.0, 239.0, 0.0, 0.0, 108.0, 115.0, 459.0, 263.0, 160.0, 384.0, 0.0, 0.0, 347.0]
16066087.0
28
[258.0, 115.0, 463.0, 0.0, 296.0, 0.0, 0.0, 266.0, 0.0, 0.0, 0.0, 278.0, 138.0, 381.0, 0.0, 397.0, 0.0, 215.0, 124.0, 0.0, 249.0, 0.0, 0.0, 0.0, 0.0, 203.0, 370.0, 212.0, 263.0, 160.0, 384.0, 0.0, 247.0, 100.0]
16067602.0
29
[258.0, 115.0, 463.0, 0.0, 296.0, 0.0, 0.0, 266.0, 0.0, 0.0, 0.0, 422.0, 138.0, 0.0, 0.0, 237.0, 397.0, 215.0, 268.0, 0.0, 342.0, 0.0, 210.0, 0.0, 0.0, 460.0, 0.0, 212.0, 263.0, 160.0, 384.0, 0.0, 247.0, 100.0]
15102509.0
31
[0.0, 373.0, 721.0, 0.0, 296.0, 0.0, 0.0, 266.0, 0.0, 0.0, 0.0, 278.0, 138.0, 0.0, 381.0, 0.0, 397.0, 215.0, 124.0, 0.0, 342.0, 0.0, 203.0, 0.0, 0.0, 0.0, 460.0, 459.0, 263.0, 418.0, 384.0, 0.0, 0.0, 347.0]
16651316.0
28
[258.0, 115.0, 721.0, 0.0, 0.0, 0.0, 0.0, 266.0, 296.0, 0.0, 0.0, 278.0, 138.0, 237.0, 144.0, 0.0, 397.0, 215.0, 124.0, 0.0, 105.0, 0.0, 95.0, 0.0, 0.0, 108.0, 352.0, 312.0, 423.0, 0.0, 384.0, 0.0, 347.0, 0.0]
17647539.0
26
[258.0, 115.0, 364.0, 0.0, 197.0, 0.0, 0.0, 266.0, 99.0, 0.0, 0.0, 278.0, 138.0, 381.0, 0.0, 237.0, 160.0, 339.0, 0.0, 0.0, 373.0, 0.0, 95.0, 0.0, 0.0, 108.0, 115.0, 212.0, 263.0, 160.0, 384.0, 0.0, 247.0, 100.0]
16096345.0
29
[258.0, 115.0, 627.0, 0.0, 197.0, 0.0, 0.0, 365.0, 0.0, 0.0, 0.0, 377.0, 138.0, 0.0, 476.0, 332.0, 160.0, 215.0, 124.0, 0.0, 342.0, 0.0, 0.0, 0.0, 0.0, 108.0, 115.0, 312.0, 0.0, 423.0, 384.0, 0.0, 347.0, 0.0]
17745714.0
26
[258.0, 115.0, 364.0, 0.0, 197.0, 0.0, 0.0, 266.0, 99.0, 0.0, 0.0, 278.0, 138.0, 0.0, 381.0, 397.0, 0.0, 215.0, 124.0, 0.0, 342.0, 0.0, 95.0, 0.0, 0.0, 108.0, 275.0, 212.0, 263.0, 160.0, 384.0, 0.0, 247.0, 100.0]
16702658.0
27
[373.0, 0.0, 364.0, 0.0, 197.0, 0.0, 0.0, 266.0, 99.0, 0.0, 0.0, 278.0, 138.0, 237.0, 144.0, 237.0, 160.0, 320.0, 229.0, 0.0, 0.0, 0.0, 203.0, 0.0, 0.0, 0.0, 223.0, 212.0, 378.0, 160.0, 384.0, 0.0, 247.0, 100.0]
16649296.0
30
[0.0, 373.0, 622.0, 0.0, 197.0, 0.0, 0.0, 365.0, 0.0, 0.0, 0.0, 377.0, 138.0, 237.0, 144.0, 237.0, 160.0, 215.0, 0.0, 124.0, 105.0, 0.0, 327.0, 0.0, 0.0, 0.0, 223.0, 459.0, 263.0, 418.0, 384.0, 0.0, 0.0, 347.0]
17813049.0
26
[258.0, 115.0, 364.0, 0.0, 197.0, 0.0, 0.0, 266.0, 99.0, 0.0, 0.0, 422.0, 138.0, 237.0, 0.0, 237.0, 160.0, 215.0, 268.0, 0.0, 105.0, 0.0, 0.0, 0.0, 0.0, 203.0, 210.0, 212.0, 263.0, 160.0, 384.0, 0.0, 247.0, 100.0]
15992377.0
31
[396.0, 115.0, 364.0, 0.0, 357.0, 0.0, 0.0, 266.0, 259.0, 0.0, 0.0, 438.0, 0.0, 0.0, 144.0, 474.0, 0.0, 215.0, 284.0, 0.0, 342.0, 0.0, 332.0, 0.0, 0.0, 268.0, 115.0, 212.0, 423.0, 0.0, 384.0, 0.0, 385.0, 100.0]
17333547.0
30
[258.0, 115.0, 627.0, 0.0, 197.0, 0.0, 0.0, 266.0, 99.0, 0.0, 0.0, 438.0, 138.0, 0.0, 144.0, 474.0, 0.0, 320.0, 229.0, 160.0, 0.0, 237.0, 203.0, 0.0, 0.0, 0.0, 383.0, 212.0, 0.0, 423.0, 384.0, 0.0, 247.0, 100.0]
