19459526.0
24
[258.0, 115.0, 364.0, 0.0, 197.0, 0.0, 0.0, 266.0, 99.0, 0.0, 0.0, 278.0, 138.0, 237.0, 144.0, 237.0, 160.0, 215.0, 124.0, 0.0, 105.0, 0.0, 95.0, 0.0, 0.0, 108.0, 115.0, 212.0, 263.0, 160.0, 384.0, 0.0, 247.0, 100.0]
18458545.0
25
[258.0, 115.0, 364.0, 0.0, 197.0, 0.0, 0.0, 266.0, 99.0, 0.0, 0.0, 278.0, 138.0, 237.0, 144.0, 237.0, 160.0, 215.0, 124.0, 0.0, 105.0, 0.0, 203.0, 0.0, 0.0, 0.0, 223.0, 212.0, 263.0, 160.0, 384.0, 0.0, 247.0, 100.0]
16050787.0
29
[258.0, 115.0, 364.0, 0.0, 197.0, 0.0, 0.0, 266.0, 99.0, 0.0, 0.0, 438.0, 138.0, 381.0, 0.0, 237.0, 0.0, 215.0, 284.0, 0.0, 249.0, 0.0, 0.0, 0.0, 0.0, 363.0, 210.0, 312.0, 263.0, 160.0, 384.0, 0.0, 347.0, 0.0]
17516214.0
26
[258.0, 115.0, 364.0, 0.0, 197.0, 0.0, 0.0, 266.0, 99.0, 0.0, 0.0, 422.0, 138.0, 237.0, 0.0, 237.0, 160.0, 215.0, 268.0, 0.0, 105.0, 0.0, 203.0, 0.0, 0.0, 0.0, 223.0, 212.0, 263.0, 160.0, 384.0, 0.0, 247.0, 100.0]
16798283.0
27
[258.0, 115.0, 364.0, 0.0, 197.0, 0.0, 0.0, 266.0, 99.0, 0.0, 0.0, 278.0, 138.0, 0.0, 381.0, 237.0, 160.0, 215.0, 124.0, 0.0, 342.0, 0.0, 203.0, 0.0, 0.0, 0.0, 223.0, 459.0, 263.0, 160.0, 384.0, 0.0, 0.0, 347.0]
16765133.0
29
[258.0, 0.0, 364.0, 0.0, 197.0, 0.0, 0.0, 266.0, 99.0, 0.0, 0.0, 278.0, 138.0, 237.0, 252.0, 352.0, 383.0, 320.0, 229.0, 0.0, 0.0, 0.0, 95.0, 115.0, 0.0, 0.0, 0.0, 212.0, 378.0, 160.0, 384.0, 0.0, 247.0, 215.0]
16595919.0
30
[258.0, 115.0, 364.0, 0.0, 197.0, 0.0, 0.0, 0.0, 99.0, 426.0, 0.0, 278.0, 138.0, 237.0, 381.0, 0.0, 426.0, 320.0, 229.0, 0.0, 0.0, 0.0, 447.0, 0.0, 0.0, 223.0, 0.0, 478.0, 263.0, 0.0, 384.0, 0.0, 407.0, 100.0]
