19459526.0
24
[258.0, 115.0, 364.0, 0.0, 197.0, 0.0, 0.0, 266.0, 99.0, 0.0, 0.0, 278.0, 138.0, 237.0, 144.0, 237.0, 160.0, 215.0, 124.0, 0.0, 105.0, 0.0, 95.0, 0.0, 0.0, 108.0, 115.0, 212.0, 263.0, 160.0, 384.0, 0.0, 247.0, 100.0]
18458545.0
25
[258.0, 115.0, 364.0, 0.0, 197.0, 0.0, 0.0, 266.0, 99.0, 0.0, 0.0, 278.0, 138.0, 237.0, 252.0, 237.0, 268.0, 215.0, 124.0, 0.0, 105.0, 0.0, 95.0, 0.0, 0.0, 0.0, 115.0, 212.0, 263.0, 160.0, 384.0, 0.0, 247.0, 100.0]
18471295.0
25
[373.0, 0.0, 364.0, 0.0, 197.0, 0.0, 0.0, 266.0, 99.0, 0.0, 0.0, 278.0, 138.0, 237.0, 144.0, 237.0, 160.0, 215.0, 124.0, 0.0, 105.0, 0.0, 95.0, 0.0, 0.0, 108.0, 115.0, 212.0, 378.0, 160.0, 384.0, 0.0, 247.0, 100.0]
18517195.0
25
[258.0, 115.0, 364.0, 0.0, 197.0, 0.0, 0.0, 266.0, 99.0, 0.0, 0.0, 278.0, 138.0, 381.0, 0.0, 237.0, 160.0, 215.0, 124.0, 0.0, 249.0, 0.0, 95.0, 0.0, 0.0, 108.0, 115.0, 212.0, 263.0, 160.0, 384.0, 0.0, 247.0, 100.0]
18531220.0
25
[258.0, 115.0, 364.0, 0.0, 197.0, 0.0, 0.0, 266.0, 99.0, 0.0, 0.0, 278.0, 138.0, 237.0, 144.0, 397.0, 0.0, 215.0, 124.0, 0.0, 105.0, 0.0, 95.0, 0.0, 0.0, 108.0, 275.0, 212.0, 263.0, 160.0, 384.0, 0.0, 247.0, 100.0]
17516214.0
26
[258.0, 115.0, 364.0, 0.0, 197.0, 0.0, 0.0, 266.0, 99.0, 0.0, 0.0, 278.0, 138.0, 237.0, 0.0, 381.0, 160.0, 215.0, 124.0, 0.0, 105.0, 0.0, 347.0, 0.0, 0.0, 0.0, 223.0, 212.0, 263.0, 160.0, 384.0, 0.0, 247.0, 100.0]
16641458.0
27
[258.0, 115.0, 364.0, 0.0, 197.0, 0.0, 0.0, 266.0, 99.0, 0.0, 0.0, 278.0, 138.0, 237.0, 0.0, 381.0, 160.0, 215.0, 124.0, 0.0, 105.0, 0.0, 347.0, 0.0, 0.0, 0.0, 223.0, 459.0, 263.0, 160.0, 384.0, 0.0, 0.0, 347.0]
17528964.0
26
[373.0, 0.0, 364.0, 0.0, 197.0, 0.0, 0.0, 266.0, 99.0, 0.0, 0.0, 278.0, 138.0, 237.0, 0.0, 381.0, 160.0, 215.0, 124.0, 0.0, 105.0, 0.0, 239.0, 0.0, 0.0, 108.0, 115.0, 212.0, 378.0, 160.0, 384.0, 0.0, 247.0, 100.0]
16659308.0
27
[373.0, 0.0, 364.0, 0.0, 197.0, 0.0, 0.0, 266.0, 99.0, 0.0, 0.0, 278.0, 138.0, 237.0, 0.0, 381.0, 160.0, 339.0, 0.0, 0.0, 229.0, 0.0, 239.0, 0.0, 0.0, 108.0, 115.0, 212.0, 378.0, 160.0, 384.0, 0.0, 247.0, 100.0]
17583789.0
26
[258.0, 115.0, 364.0, 0.0, 197.0, 0.0, 0.0, 266.0, 99.0, 0.0, 0.0, 278.0, 138.0, 237.0, 144.0, 237.0, 160.0, 215.0, 124.0, 0.0, 105.0, 0.0, 203.0, 0.0, 0.0, 0.0, 223.0, 459.0, 263.0, 160.0, 384.0, 0.0, 0.0, 347.0]
17588889.0
26
[258.0, 115.0, 364.0, 0.0, 197.0, 0.0, 0.0, 266.0, 99.0, 0.0, 0.0, 402.0, 138.0, 237.0, 268.0, 237.0, 160.0, 215.0, 0.0, 0.0, 105.0, 0.0, 203.0, 0.0, 0.0, 0.0, 223.0, 212.0, 263.0, 160.0, 384.0, 0.0, 247.0, 100.0]
16660583.0
27
[258.0, 115.0, 364.0, 0.0, 197.0, 0.0, 0.0, 266.0, 99.0, 0.0, 0.0, 278.0, 138.0, 237.0, 144.0, 397.0, 0.0, 339.0, 0.0, 0.0, 229.0, 0.0, 203.0, 0.0, 0.0, 0.0, 383.0, 212.0, 263.0, 160.0, 384.0, 0.0, 247.0, 100.0]
18589870.0
25
[258.0, 115.0, 364.0, 0.0, 197.0, 0.0, 0.0, 266.0, 99.0, 0.0, 0.0, 278.0, 138.0, 237.0, 144.0, 237.0, 160.0, 339.0, 0.0, 0.0, 229.0, 0.0, 95.0, 0.0, 0.0, 108.0, 115.0, 212.0, 263.0, 160.0, 384.0, 0.0, 247.0, 100.0]
15964087.0
28
[373.0, 0.0, 364.0, 0.0, 197.0, 0.0, 0.0, 266.0, 99.0, 0.0, 0.0, 278.0, 138.0, 237.0, 144.0, 397.0, 0.0, 215.0, 124.0, 0.0, 105.0, 0.0, 0.0, 0.0, 0.0, 203.0, 370.0, 459.0, 378.0, 160.0, 384.0, 0.0, 0.0, 347.0]
15984727.0
28
[258.0, 115.0, 463.0, 0.0, 296.0, 0.0, 0.0, 266.0, 0.0, 0.0, 0.0, 278.0, 138.0, 0.0, 381.0, 237.0, 160.0, 339.0, 0.0, 0.0, 466.0, 0.0, 203.0, 0.0, 0.0, 0.0, 223.0, 212.0, 263.0, 160.0, 384.0, 0.0, 247.0, 100.0]
18602620.0
25
[396.0, 115.0, 364.0, 0.0, 197.0, 0.0, 0.0, 266.0, 99.0, 0.0, 0.0, 278.0, 0.0, 237.0, 144.0, 237.0, 160.0, 215.0, 124.0, 0.0, 105.0, 0.0, 95.0, 0.0, 0.0, 108.0, 115.0, 212.0, 263.0, 160.0, 384.0, 0.0, 385.0, 100.0]
15092121.0
29
[258.0, 115.0, 463.0, 0.0, 296.0, 0.0, 0.0, 266.0, 0.0, 0.0, 0.0, 278.0, 138.0, 0.0, 381.0, 397.0, 0.0, 215.0, 124.0, 0.0, 342.0, 0.0, 203.0, 0.0, 0.0, 0.0, 383.0, 312.0, 263.0, 160.0, 384.0, 0.0, 347.0, 0.0]
15754885.0
29
[258.0, 115.0, 524.0, 0.0, 197.0, 0.0, 0.0, 365.0, 0.0, 0.0, 0.0, 377.0, 138.0, 381.0, 0.0, 352.0, 275.0, 215.0, 124.0, 0.0, 249.0, 0.0, 95.0, 0.0, 0.0, 108.0, 0.0, 312.0, 423.0, 0.0, 384.0, 0.0, 347.0, 0.0]
15847027.0
29
[258.0, 115.0, 364.0, 0.0, 357.0, 0.0, 0.0, 266.0, 259.0, 0.0, 0.0, 278.0, 138.0, 237.0, 252.0, 352.0, 383.0, 339.0, 0.0, 0.0, 229.0, 0.0, 95.0, 0.0, 0.0, 0.0, 0.0, 212.0, 423.0, 0.0, 384.0, 0.0, 247.0, 100.0]
15979627.0
29
[258.0, 115.0, 463.0, 0.0, 296.0, 0.0, 0.0, 266.0, 0.0, 0.0, 0.0, 278.0, 138.0, 0.0, 144.0, 474.0, 160.0, 215.0, 124.0, 0.0, 342.0, 0.0, 440.0, 0.0, 0.0, 0.0, 223.0, 459.0, 263.0, 160.0, 384.0, 0.0, 0.0, 347.0]
16034212.0
29
[258.0, 115.0, 364.0, 0.0, 197.0, 0.0, 0.0, 266.0, 99.0, 0.0, 0.0, 278.0, 138.0, 345.0, 239.0, 447.0, 383.0, 215.0, 124.0, 0.0, 213.0, 0.0, 0.0, 0.0, 0.0, 0.0, 0.0, 459.0, 263.0, 160.0, 384.0, 0.0, 0.0, 347.0]
17596539.0
26
[373.0, 0.0, 364.0, 0.0, 197.0, 0.0, 0.0, 266.0, 99.0, 0.0, 0.0, 278.0, 138.0, 237.0, 144.0, 237.0, 160.0, 215.0, 124.0, 0.0, 105.0, 0.0, 95.0, 0.0, 0.0, 108.0, 115.0, 459.0, 378.0, 160.0, 384.0, 0.0, 0.0, 347.0]
16054852.0
28
[258.0, 115.0, 364.0, 0.0, 197.0, 0.0, 0.0, 365.0, 0.0, 0.0, 0.0, 377.0, 138.0, 237.0, 144.0, 0.0, 397.0, 320.0, 229.0, 0.0, 0.0, 0.0, 203.0, 0.0, 0.0, 0.0, 460.0, 212.0, 263.0, 160.0, 384.0, 0.0, 247.0, 100.0]
17639889.0
26
[258.0, 115.0, 364.0, 0.0, 197.0, 0.0, 0.0, 365.0, 0.0, 0.0, 0.0, 377.0, 138.0, 237.0, 144.0, 237.0, 160.0, 215.0, 124.0, 0.0, 105.0, 0.0, 203.0, 0.0, 0.0, 0.0, 223.0, 212.0, 263.0, 160.0, 384.0, 0.0, 247.0, 100.0]
16748558.0
27
[258.0, 115.0, 364.0, 0.0, 197.0, 0.0, 0.0, 266.0, 99.0, 0.0, 0.0, 278.0, 138.0, 237.0, 0.0, 381.0, 160.0, 320.0, 229.0, 0.0, 0.0, 0.0, 347.0, 0.0, 0.0, 0.0, 223.0, 212.0, 263.0, 160.0, 384.0, 0.0, 247.0, 100.0]
18642145.0
25
[258.0, 115.0, 364.0, 0.0, 197.0, 0.0, 0.0, 266.0, 99.0, 0.0, 0.0, 278.0, 138.0, 237.0, 144.0, 0.0, 397.0, 215.0, 124.0, 0.0, 105.0, 0.0, 95.0, 0.0, 0.0, 108.0, 352.0, 212.0, 263.0, 160.0, 384.0, 0.0, 247.0, 100.0]
17642439.0
26
[258.0, 115.0, 364.0, 0.0, 197.0, 0.0, 0.0, 266.0, 99.0, 0.0, 0.0, 278.0, 138.0, 381.0, 0.0, 237.0, 160.0, 215.0, 124.0, 0.0, 249.0, 0.0, 95.0, 0.0, 0.0, 108.0, 115.0, 459.0, 263.0, 160.0, 384.0, 0.0, 0.0, 347.0]
16652933.0
28
[373.0, 0.0, 364.0, 0.0, 197.0, 0.0, 0.0, 266.0, 99.0, 0.0, 0.0, 278.0, 138.0, 345.0, 381.0, 0.0, 268.0, 215.0, 124.0, 0.0, 213.0, 0.0, 332.0, 0.0, 0.0, 0.0, 115.0, 212.0, 378.0, 160.0, 384.0, 0.0, 247.0, 100.0]
16725608.0
28
[373.0, 0.0, 364.0, 0.0, 197.0, 0.0, 0.0, 266.0, 99.0, 0.0, 0.0, 438.0, 138.0, 237.0, 381.0, 0.0, 0.0, 215.0, 284.0, 0.0, 105.0, 0.0, 332.0, 0.0, 0.0, 268.0, 115.0, 212.0, 378.0, 160.0, 384.0, 0.0, 247.0, 100.0]
16119877.0
29
[396.0, 115.0, 364.0, 0.0, 197.0, 0.0, 0.0, 390.0, 223.0, 0.0, 0.0, 278.0, 0.0, 342.0, 373.0, 352.0, 275.0, 215.0, 0.0, 0.0, 0.0, 0.0, 95.0, 0.0, 0.0, 108.0, 0.0, 212.0, 263.0, 160.0, 384.0, 0.0, 385.0, 100.0]
17698539.0
26
[258.0, 115.0, 364.0, 0.0, 197.0, 0.0, 0.0, 365.0, 0.0, 0.0, 0.0, 377.0, 138.0, 237.0, 0.0, 237.0, 304.0, 215.0, 124.0, 0.0, 105.0, 0.0, 95.0, 0.0, 0.0, 252.0, 115.0, 212.0, 263.0, 160.0, 384.0, 0.0, 247.0, 100.0]
16657691.0
29
[258.0, 115.0, 726.0, 0.0, 296.0, 0.0, 0.0, 266.0, 0.0, 0.0, 0.0, 438.0, 138.0, 237.0, 144.0, 237.0, 0.0, 215.0, 284.0, 0.0, 105.0, 0.0, 95.0, 0.0, 0.0, 268.0, 115.0, 312.0, 0.0, 423.0, 384.0, 0.0, 347.0, 0.0]
16770233.0
27
[258.0, 115.0, 463.0, 0.0, 296.0, 0.0, 0.0, 266.0, 0.0, 0.0, 0.0, 402.0, 138.0, 237.0, 268.0, 237.0, 160.0, 215.0, 0.0, 0.0, 105.0, 0.0, 203.0, 0.0, 0.0, 0.0, 223.0, 212.0, 263.0, 160.0, 384.0, 0.0, 247.0, 100.0]
16927171.0
27
[258.0, 115.0, 364.0, 0.0, 197.0, 0.0, 0.0, 266.0, 99.0, 0.0, 0.0, 278.0, 138.0, 381.0, 0.0, 237.0, 160.0, 0.0, 339.0, 0.0, 464.0, 0.0, 203.0, 0.0, 0.0, 0.0, 223.0, 212.0, 263.0, 160.0, 384.0, 0.0, 247.0, 100.0]
14940396.0
30
[373.0, 0.0, 364.0, 0.0, 197.0, 0.0, 0.0, 266.0, 99.0, 0.0, 0.0, 402.0, 138.0, 0.0, 268.0, 474.0, 160.0, 215.0, 0.0, 0.0, 342.0, 0.0, 440.0, 0.0, 0.0, 0.0, 223.0, 459.0, 378.0, 160.0, 384.0, 0.0, 0.0, 347.0]
